"","mean.tul1","mean.tul10","mean.tul11","mean.tul12","mean.tul13","mean.tul14","mean.tul15","mean.tul16","mean.tul17","mean.tul18","mean.tul19","mean.tul2","mean.tul20","mean.tul21","mean.tul22","mean.tul23","mean.tul24","mean.tul25","mean.tul26","mean.tul27","mean.tul28","mean.tul29","mean.tul3","mean.tul30","mean.tul31","mean.tul32","mean.tul33","mean.tul34","mean.tul35","mean.tul36","mean.tul37","mean.tul38","mean.tul39","mean.tul4","mean.tul40","mean.tul41","mean.tul42","mean.tul43","mean.tul44","mean.tul45","mean.tul46","mean.tul47","mean.tul48","mean.tul49","mean.tul5","mean.tul50","mean.tul51","mean.tul52","mean.tul6","mean.tul7","mean.tul8","mean.tul9","support.tul1","support.tul10","support.tul11","support.tul12","support.tul13","support.tul14","support.tul15","support.tul16","support.tul17","support.tul18","support.tul19","support.tul2","support.tul20","support.tul21","support.tul22","support.tul23","support.tul24","support.tul25","support.tul26","support.tul27","support.tul28","support.tul29","support.tul3","support.tul30","support.tul31","support.tul32","support.tul33","support.tul34","support.tul35","support.tul36","support.tul37","support.tul38","support.tul39","support.tul4","support.tul40","support.tul41","support.tul42","support.tul43","support.tul44","support.tul45","support.tul46","support.tul47","support.tul48","support.tul49","support.tul5","support.tul50","support.tul51","support.tul52","support.tul6","support.tul7","support.tul8","support.tul9","mean.tul1.1","mean.tul10.1","mean.tul11.1","mean.tul12.1","mean.tul13.1","mean.tul14.1","mean.tul15.1","mean.tul16.1","mean.tul17.1","mean.tul18.1","mean.tul19.1","mean.tul2.1","mean.tul20.1","mean.tul21.1","mean.tul22.1","mean.tul23.1","mean.tul24.1","mean.tul25.1","mean.tul26.1","mean.tul27.1","mean.tul28.1","mean.tul29.1","mean.tul3.1","mean.tul30.1","mean.tul31.1","mean.tul32.1","mean.tul33.1","mean.tul34.1","mean.tul35.1","mean.tul36.1","mean.tul37.1","mean.tul38.1","mean.tul39.1","mean.tul4.1","mean.tul40.1","mean.tul41.1","mean.tul42.1","mean.tul43.1","mean.tul44.1","mean.tul45.1","mean.tul46.1","mean.tul47.1","mean.tul48.1","mean.tul49.1","mean.tul5.1","mean.tul50.1","mean.tul51.1","mean.tul52.1","mean.tul6.1","mean.tul7.1","mean.tul8.1","mean.tul9.1","support.tul1.1","support.tul10.1","support.tul11.1","support.tul12.1","support.tul13.1","support.tul14.1","support.tul15.1","support.tul16.1","support.tul17.1","support.tul18.1","support.tul19.1","support.tul2.1","support.tul20.1","support.tul21.1","support.tul22.1","support.tul23.1","support.tul24.1","support.tul25.1","support.tul26.1","support.tul27.1","support.tul28.1","support.tul29.1","support.tul3.1","support.tul30.1","support.tul31.1","support.tul32.1","support.tul33.1","support.tul34.1","support.tul35.1","support.tul36.1","support.tul37.1","support.tul38.1","support.tul39.1","support.tul4.1","support.tul40.1","support.tul41.1","support.tul42.1","support.tul43.1","support.tul44.1","support.tul45.1","support.tul46.1","support.tul47.1","support.tul48.1","support.tul49.1","support.tul5.1","support.tul50.1","support.tul51.1","support.tul52.1","support.tul6.1","support.tul7.1","support.tul8.1","support.tul9.1"
"tul1",1,-0.031726888623176,0.0534500889633271,0.0433888062107558,0.0368036685415565,-0.0241209850845284,-0.0103825874803192,0.00178211789833703,0.0105178019620701,-0.0693509380005737,0.0337250295553837,0.0535214912925983,-0.0229907639395596,-0.0242775603428717,0.0106630603700322,-0.027211056309345,0.0360739107523181,0.0398941629928376,0.00319328754691857,-0.0638323409230623,-0.0276990939254663,0.00113920747437353,0.0428633748953332,0.00838715267753397,0.00603764049697166,0.00790634918609946,-0.0341979040525883,-0.0313202974392011,0.0142216104136677,-0.00406673976830308,-0.0117623294939872,-0.0195410713429279,0.0391288614982944,0.0538878779500569,0.0468477429519052,-0.0237099132096501,-0.057960029677512,-0.0615759814660813,0.0240666706254066,-0.0518728627977891,-0.00104031996576807,-0.0525795146956825,-0.0714792400943272,-0.00666176034285603,0.0569272786018699,-0.00528403358860419,-0.0851979643752449,0.0191452802554825,0.0742567730056892,-0.0331927774057378,0.100103230139303,0.0304369286330046,1,0.481333333333333,0.522666666666667,0.517333333333333,0.514666666666667,0.485333333333333,0.490666666666667,0.501333333333333,0.506666666666667,0.456,0.522666666666667,0.528,0.490666666666667,0.478666666666667,0.502666666666667,0.484,0.513333333333333,0.52,0.501333333333333,0.469333333333333,0.48,0.5,0.522666666666667,0.502666666666667,0.504,0.504,0.481333333333333,0.476,0.513333333333333,0.497333333333333,0.485333333333333,0.494666666666667,0.52,0.526666666666667,0.52,0.476,0.457333333333333,0.453333333333333,0.52,0.464,0.504,0.469333333333333,0.456,0.492,0.522666666666667,0.494666666666667,0.445333333333333,0.514666666666667,0.536,0.48,0.541333333333333,0.518666666666667,1,-0.044268558651126,0.0660476366144991,0.0296331699859413,-0.0276130934066212,-0.0149326682226655,0.0127239279340848,-0.05138333839644,0.0109002733184719,-0.0983495202249748,0.0181397521201614,0.0735223136054543,-0.068542000675664,0.0174746412781453,0.0174924378134307,-0.00632788169563433,0.0470712371347937,-0.0281517192886675,-0.0512785635185341,-0.0123019026551196,-0.0279895300621265,0.00393848412155223,0.103860993360117,-0.0247448953282257,-0.0195062108812559,0.0148454942647087,0.0491992366077143,0.0344960772217192,0.0241706521335754,-0.00716029106891615,-0.0183044197982827,0.0135073704195308,0.0301876323543115,0.0126891726845125,-0.0402329076114222,0.0339759321247391,-0.0282210199394929,-0.0397783436224836,-0.0123683806493633,0.0297099485190887,0.00795290302780185,-0.0643847937963896,0.0343360031762982,-0.032274944116193,-0.0223121347404994,0.0163495533948308,-0.0527535719705594,-0.00111529952126312,-0.0321646207301792,0.031272437664343,0.00768209475039063,-0.0333534928136955,1,0.476,0.541333333333333,0.517333333333333,0.493333333333333,0.501333333333333,0.501333333333333,0.474666666666667,0.497333333333333,0.442666666666667,0.512,0.534666666666667,0.465333333333333,0.516,0.516,0.492,0.526666666666667,0.493333333333333,0.468,0.494666666666667,0.485333333333333,0.508,0.554666666666667,0.48,0.497333333333333,0.506666666666667,0.534666666666667,0.526666666666667,0.517333333333333,0.493333333333333,0.488,0.505333333333333,0.518666666666667,0.512,0.472,0.522666666666667,0.490666666666667,0.470666666666667,0.493333333333333,0.528,0.490666666666667,0.473333333333333,0.522666666666667,0.478666666666667,0.488,0.510666666666667,0.469333333333333,0.492,0.482666666666667,0.513333333333333,0.508,0.489333333333333
"tul10",-0.031726888623176,1,0.0946475656927552,0.102858450855963,0.0966751158788456,-0.0252739849210439,0.0263395723568129,-0.0488872065792637,-0.0284685806558956,-0.0565617563842127,0.0520096564235378,0.0305179727078775,-0.00115163359040144,0.0175079092429606,-0.0475171154124589,-0.039279819739712,-0.0146283188786515,0.0241706718675154,0.00888584131817249,0.0181667236282685,-0.00430516865491753,0.0184900753015186,0.0614631736326477,0.0110737043490429,0.00108107383487023,0.067179635300237,0.00906464037621208,0.0365783439260861,0.0670124303373862,0.0623838510952115,-0.00975619316361353,-0.0263566530239361,-0.00252110526894538,0.0298887755816416,0.00957430074286086,0.0375533740095161,-0.00712540200464988,-0.0467142662285509,-0.0045407094084913,-0.0556518503336153,-0.0262539568335745,-0.0563969260493646,0.00137756265310537,-0.0783003240900695,-0.043055617389252,0.0143646097937541,0.0137421930598793,-0.0093838103805583,0.0165744011105245,0.0458915581622334,0.0901913807095586,0.0808409971202157,0.481333333333333,1,0.550666666666667,0.564,0.549333333333333,0.489333333333333,0.516,0.476,0.481333333333333,0.472,0.528,0.510666666666667,0.506666666666667,0.517333333333333,0.474666666666667,0.482666666666667,0.486666666666667,0.517333333333333,0.506666666666667,0.514666666666667,0.498666666666667,0.506666666666667,0.538666666666667,0.501333333333333,0.5,0.529333333333333,0.498666666666667,0.517333333333333,0.534666666666667,0.553333333333333,0.497333333333333,0.485333333333333,0.5,0.512,0.509333333333333,0.513333333333333,0.5,0.476,0.502666666666667,0.476,0.490666666666667,0.466666666666667,0.509333333333333,0.454666666666667,0.478666666666667,0.510666666666667,0.504,0.486666666666667,0.509333333333333,0.521333333333333,0.549333333333333,0.537333333333333,-0.044268558651126,1,0.0553208304376968,0.0751326260037203,0.0885415077047847,-0.0204108967201642,-0.00193762254573937,-0.0561587809142651,-0.0556729548826471,-0.0403472528758665,-0.067005473182073,0.00581507405896901,-0.0388696625521945,-0.0701914502246125,-0.0901405691816956,0.0222959949974986,-0.0340818004013094,0.0208256729774484,0.0391277581245727,0.0331621774295361,0.00445059292589904,0.00442400292611412,-0.0236850007722754,-0.0321103668975704,-0.0212046988108416,0.0154866724587994,-0.0176826050874224,-0.0317597156076468,-0.0117462980611152,-0.0808621568035727,0.0716652099475993,-0.00905225533883986,0.0142614271601943,0.0356298048151532,0.0679004494845682,-0.00265693842196418,0.0112937986699225,0.0204676270588007,-0.0237608966245656,0.0678725219092969,0.0141660505739338,0.0196616304925638,0.00347840741216585,0.00599173923001507,-0.0120818443598376,-0.0240293065156491,0.0104647666712876,-0.011718091006653,0.0310745168751399,-0.00808641579180838,0.0571806994618485,0.0931925199598262,0.476,1,0.52,0.536,0.544,0.488,0.497333333333333,0.478666666666667,0.473333333333333,0.478666666666667,0.461333333333333,0.498666666666667,0.478666666666667,0.462666666666667,0.446666666666667,0.510666666666667,0.489333333333333,0.514666666666667,0.526666666666667,0.518666666666667,0.501333333333333,0.494666666666667,0.488,0.48,0.485333333333333,0.504,0.484,0.486666666666667,0.502666666666667,0.462666666666667,0.537333333333333,0.489333333333333,0.506666666666667,0.529333333333333,0.534666666666667,0.496,0.508,0.513333333333333,0.488,0.537333333333333,0.506666666666667,0.508,0.497333333333333,0.506666666666667,0.492,0.48,0.502666666666667,0.5,0.522666666666667,0.496,0.522666666666667,0.553333333333333
"tul11",0.0534500889633271,0.0946475656927552,1,0.129966193262959,0.131920184050166,-0.0623139243953123,-0.0108459297968468,-0.0295025580161584,-0.0252985644709432,-0.0602353895816748,-0.0408214243304257,0.0527953576912035,-0.0412809682832414,-0.013469200164509,-0.0587192056121559,-0.0157773376486586,-0.0446189970660262,0.0096819086077672,-0.00373914317305833,-0.0447061691619609,0.0236676825942225,0.0488984739548446,-0.0112537668684517,0.0292482002683657,0.0131590323267498,0.0671947004804275,0.0301765556616919,0.0333151922765387,0.032225517650263,0.0228284910734263,0.00189720783193749,-0.00856873635918608,-0.0250251843541528,-0.0158683327896148,-0.0243939944213989,-0.0025051719752099,-0.00776195838704404,-0.0384337052595227,-0.00889764493794657,-0.0330744544809956,-0.011196099503362,-0.00209214328369876,0.0221288908380486,-0.0269975154573077,-0.0659825662352477,0.00184406105974752,-0.0188186484403447,0.0660173494110592,-0.021867602220951,0.0245788554312261,0.12613961140881,0.138169219353203,0.522666666666667,0.550666666666667,1,0.573333333333333,0.569333333333333,0.464,0.494666666666667,0.485333333333333,0.484,0.465333333333333,0.473333333333333,0.528,0.473333333333333,0.488,0.465333333333333,0.492,0.474666666666667,0.505333333333333,0.486666666666667,0.474666666666667,0.52,0.526666666666667,0.498666666666667,0.514666666666667,0.505333333333333,0.536,0.522666666666667,0.517333333333333,0.516,0.514666666666667,0.502666666666667,0.485333333333333,0.485333333333333,0.490666666666667,0.484,0.506666666666667,0.490666666666667,0.478666666666667,0.493333333333333,0.481333333333333,0.494666666666667,0.494666666666667,0.510666666666667,0.478666666666667,0.472,0.5,0.496,0.538666666666667,0.48,0.514666666666667,0.568,0.576,0.0660476366144991,0.0553208304376968,1,0.0909748967649566,0.0484800508483281,-0.0885190530063324,-0.047405540095104,-0.0906492576441336,-0.0567901350282475,-0.0899442141993122,0.0141506512012208,0.0315856279082572,-0.0639170172689897,-0.0467647702340307,-0.0631541041846682,0.0249608296562664,0.0372274064869668,0.000875651454314982,-0.0351743886612819,-0.0173659684437292,-0.0511406751875943,-0.0235493907219498,0.05634554780637,0.0524574090858886,-0.0100777751165432,0.0251936674961673,0.0193156577386421,0.0507778438954694,0.0343737862924448,-0.00157858528954048,0.0386335773384418,0.00451045970830645,-0.0184237879402208,-0.0246571042426783,-0.00498918484210397,-0.0115674857346899,-0.0779509153308375,0.0194246678642639,-0.038324353320109,0.0107809487369355,-0.0186327614668326,-0.00119991319114671,-0.00130698901041176,-0.0183406903808044,-0.0183343629439311,-0.0291958820144801,-0.0404751105435544,0.0170405748834066,0.0231181132770328,0.0241532585346959,0.0215593955170791,0.115061569407322,0.541333333333333,0.52,1,0.537333333333333,0.521333333333333,0.452,0.468,0.442666666666667,0.46,0.453333333333333,0.509333333333333,0.514666666666667,0.468,0.473333333333333,0.458666666666667,0.516,0.524,0.501333333333333,0.477333333333333,0.497333333333333,0.477333333333333,0.484,0.54,0.529333333333333,0.489333333333333,0.512,0.510666666666667,0.521333333333333,0.521333333333333,0.497333333333333,0.513333333333333,0.505333333333333,0.488,0.489333333333333,0.502666666666667,0.498666666666667,0.452,0.514666666666667,0.482666666666667,0.510666666666667,0.492,0.493333333333333,0.496,0.492,0.488,0.48,0.478666666666667,0.506666666666667,0.517333333333333,0.506666666666667,0.505333333333333,0.573333333333333
"tul12",0.0433888062107558,0.102858450855963,0.129966193262959,1,0.117142799957827,-0.0336422081088477,-0.053775529590809,-0.0185293300199269,-0.0873684728525715,-0.103225690188903,-0.0581732858068894,0.0325102172776634,0.0043497606520676,0.0180634482548117,-0.00940127424617333,-0.0400368942928689,0.0160166565881237,-0.056655342551562,-0.00671891751270416,-0.0537340348117857,0.0351315312213461,0.0121269044573079,0.084097327367301,0.0187074619220359,0.0899523065570133,-0.0290731702969136,-0.00623073206577718,-0.00676546453102011,0.105505881291129,-0.0365491918270603,0.0535221755519837,-0.00775194115719532,-0.00480048198891152,0.0117200967644887,0.00117388995162949,0.0305434579326699,0.0506673781678582,-0.0429989287747967,-0.0505731085395258,-0.0399734736063174,0.0402101195004309,-0.00161941116738078,0.00572710923545922,0.00256133024403413,-0.0167633661933638,0.0500111656925021,-0.0117407597862004,0.0366406154866823,0.0283909296343212,0.0273636121032801,0.109802260074252,0.0763972968827085,0.517333333333333,0.564,0.573333333333333,1,0.565333333333333,0.470666666666667,0.468,0.493333333333333,0.450666666666667,0.442666666666667,0.470666666666667,0.514666666666667,0.5,0.518666666666667,0.493333333333333,0.472,0.506666666666667,0.461333333333333,0.497333333333333,0.466666666666667,0.521333333333333,0.502666666666667,0.549333333333333,0.514666666666667,0.546666666666667,0.490666666666667,0.494666666666667,0.493333333333333,0.557333333333333,0.482666666666667,0.518666666666667,0.489333333333333,0.502666666666667,0.510666666666667,0.506666666666667,0.524,0.524,0.482666666666667,0.476,0.486666666666667,0.522666666666667,0.497333333333333,0.502666666666667,0.501333333333333,0.488,0.521333333333333,0.496,0.518666666666667,0.516,0.509333333333333,0.558666666666667,0.528,0.0296331699859413,0.0751326260037203,0.0909748967649566,1,0.0361726880091524,-0.0630674503518809,0.000964495562032774,-0.0199555595922163,-0.0308284276287123,-0.0739474575678855,-0.0261070587513116,-0.0181069256690496,-0.0817167857325826,-0.0472990136471881,-0.0290193368059871,0.00591157362233065,-0.0253217049790097,-0.0278331828086189,-0.0596683992848869,-0.0235279013595132,-0.0307160908152964,-0.00193626446304352,-0.0165875590456729,0.000344934197865543,0.0361998475390554,0.0112713716864487,0.0508895859974264,0.0170302844501412,-0.0314906013964804,-0.00401429780166008,-0.0118021056433501,0.00310270387902015,0.00286343629446388,-0.00055202600628469,0.0236324316004619,0.00502335671046174,-0.00136554164205006,0.00452509734951601,0.00359060605862528,0.013901440922995,-0.011345051014565,-0.0148688434141793,0.0369085485436149,-0.0182897960959501,-0.00965799835045418,-0.00293059903600881,0.0321615052661112,-0.0564545579535211,-0.0239753216337946,-0.00862986369366482,0.0947368809566658,0.106165729367738,0.517333333333333,0.536,0.537333333333333,1,0.517333333333333,0.466666666666667,0.489333333333333,0.486666666666667,0.478666666666667,0.465333333333333,0.485333333333333,0.489333333333333,0.450666666666667,0.473333333333333,0.496,0.505333333333333,0.485333333333333,0.484,0.465333333333333,0.488,0.490666666666667,0.490666666666667,0.502666666666667,0.508,0.521333333333333,0.493333333333333,0.524,0.508,0.473333333333333,0.501333333333333,0.497333333333333,0.498666666666667,0.501333333333333,0.504,0.512,0.496,0.498666666666667,0.494666666666667,0.501333333333333,0.510666666666667,0.494666666666667,0.498666666666667,0.521333333333333,0.482666666666667,0.497333333333333,0.5,0.521333333333333,0.472,0.494666666666667,0.496,0.550666666666667,0.558666666666667
"tul13",0.0368036685415565,0.0966751158788456,0.131920184050166,0.117142799957827,1,-0.0572037120194561,-0.0273516965617682,-0.0223962731706884,0.0141577108774367,-0.0787747378885238,-0.000981370367172351,0.0329351613301709,-0.0323547015257366,-0.0535203510093063,-0.0673026866523265,-0.0354079818281365,0.00928220149686161,-0.011076483858997,0.0338984013216288,0.0393951094591569,0.0163115475346926,-0.0425819251719625,-0.004873246609645,0.00660799520632977,0.00681388802227341,0.0448493109348939,-0.0364160219011999,0.0530688291434891,-0.00856207926704362,-0.0179513489639342,-0.0318578809610688,-0.0855553409596424,-0.0512693599615813,-0.0335656416290409,-0.049392730504003,0.00978682651767829,0.0883622528196748,0.0110812321491186,-0.0400563536086598,0.0418190633436744,0.00225694611804447,0.0269321706365125,0.00450536717500108,-0.0385527032897708,-0.017209369536309,0.0295192609342858,-0.0417351424248469,-0.0308702732559036,-0.0332153960238312,0.0439361248684745,0.0821475004075673,0.106528690420276,0.514666666666667,0.549333333333333,0.569333333333333,0.565333333333333,1,0.469333333333333,0.490666666666667,0.481333333333333,0.508,0.448,0.5,0.518666666666667,0.492,0.473333333333333,0.466666666666667,0.48,0.497333333333333,0.496,0.522666666666667,0.518666666666667,0.506666666666667,0.484,0.493333333333333,0.505333333333333,0.504,0.533333333333333,0.476,0.537333333333333,0.497333333333333,0.488,0.482666666666667,0.453333333333333,0.472,0.488,0.468,0.506666666666667,0.553333333333333,0.501333333333333,0.469333333333333,0.528,0.498666666666667,0.510666666666667,0.501333333333333,0.489333333333333,0.485333333333333,0.512,0.482666666666667,0.48,0.486666666666667,0.521333333333333,0.544,0.557333333333333,-0.0276130934066212,0.0885415077047847,0.0484800508483281,0.0361726880091524,1,-0.0195690078812257,-0.0464749974720423,-0.0356688571958522,-0.0852477045772519,-0.107988292592644,-0.0360603132701073,-0.0187720157036306,0.017212209157144,-0.0349792475574417,-0.0106449174500206,-0.0214848110745134,0.00973486464343187,0.0187077197307744,0.000439344974459359,0.0240980175965949,-0.00295724823006648,-0.0142740480763621,0.02675414524647,-0.0535622599538129,0.0630396980882324,-0.0119229070302353,0.000563493063237419,0.0682869336927648,0.0434469425011194,-0.0137689241500052,-0.00902812949717099,0.0350876191517501,0.00440700981446846,-0.0146547818148665,-0.021526661809538,-0.000187473457228175,-0.0400388874775198,0.0285079432122363,0.0299372745915521,-0.0143489386070862,0.0439549379935426,0.0439543761132407,0.0149551566718847,-0.015498314036867,-0.00140635053704489,0.0566070510561557,-0.0175678756193029,-0.0424749059603875,-0.053855009265134,0.00955056654848368,0.0346834108444077,0.0571797281483045,0.493333333333333,0.544,0.521333333333333,0.517333333333333,1,0.490666666666667,0.465333333333333,0.473333333333333,0.450666666666667,0.446666666666667,0.476,0.484,0.501333333333333,0.486666666666667,0.502666666666667,0.486666666666667,0.508,0.510666666666667,0.494666666666667,0.510666666666667,0.508,0.489333333333333,0.516,0.470666666666667,0.533333333333333,0.482666666666667,0.501333333333333,0.530666666666667,0.514666666666667,0.488,0.496,0.512,0.504,0.508,0.493333333333333,0.5,0.481333333333333,0.508,0.512,0.489333333333333,0.529333333333333,0.528,0.501333333333333,0.485333333333333,0.5,0.529333333333333,0.497333333333333,0.477333333333333,0.472,0.5,0.514666666666667,0.541333333333333
"tul14",-0.0241209850845284,-0.0252739849210439,-0.0623139243953123,-0.0336422081088477,-0.0572037120194561,1,0.0662235710645999,0.0393397676253601,0.0637856045178499,-0.00672447313504361,0.0404115985489871,0.00393183893735994,0.134875746622445,0.0128510480063842,0.0992238065587355,0.0746703260264542,-0.000371267934986633,0.0727289283729875,0.00941453772029208,-0.017052739367936,-0.0261572720944939,0.0348933965106347,0.037373102234676,0.0126782461784522,0.028000997866909,0.0318458938168178,-0.0385053384335488,-0.0152833748436708,-0.00189050453310535,-0.00900128779778341,-0.0513816063372001,0.0119871578522275,-0.0550452486393998,0.053083857200652,-0.0404504111571379,-0.0565451381649875,-0.0611377943932752,-0.0337715951440239,-0.0296502669683214,-0.00984926020119777,-0.0128784038898874,-0.0120980473843147,-0.0798015335432653,-0.0609199474180005,0.0504618378815953,-0.0294707501612443,0.0272516331336412,-0.00640775949506179,-0.00164846837156436,0.0140123608883222,-0.0021495202302127,-0.0584560361074119,0.485333333333333,0.489333333333333,0.464,0.470666666666667,0.469333333333333,1,0.532,0.525333333333333,0.528,0.490666666666667,0.522666666666667,0.501333333333333,0.569333333333333,0.497333333333333,0.548,0.548,0.501333333333333,0.530666666666667,0.502666666666667,0.5,0.492,0.518666666666667,0.509333333333333,0.508,0.508,0.52,0.481333333333333,0.485333333333333,0.5,0.494666666666667,0.469333333333333,0.516,0.469333333333333,0.532,0.486666666666667,0.465333333333333,0.468,0.482666666666667,0.48,0.493333333333333,0.496,0.492,0.453333333333333,0.465333333333333,0.526666666666667,0.481333333333333,0.517333333333333,0.502666666666667,0.498666666666667,0.506666666666667,0.493333333333333,0.46,-0.0149326682226655,-0.0204108967201642,-0.0885190530063324,-0.0630674503518809,-0.0195690078812257,1,0.0866307171790432,0.134813350956591,0.121209105164613,0.137646169534833,0.0960001287355561,0.0126494073807806,0.128430670370853,0.0537132447014004,0.0545290141992705,0.0260890448910188,0.0197576043124987,-0.0123048373496436,-0.0192067093787318,-0.0182517280214513,0.0153492940409018,0.00907834726090815,-0.0520442283671179,0.017279676799906,-0.0459399823996338,-0.00179020193846793,0.0170763524536835,-0.0507254136259471,-0.0126605695891868,-0.0134433775510123,-0.0454910102993156,-0.00878690371293224,-0.0526093886849807,0.0061090060313051,-0.0176656771040887,0.0360659932998729,-0.0791581073239517,-0.0021041740260924,-0.0484821492602381,-0.0320627413262399,-0.0748075712672442,-0.0676209731770752,-0.0460492653152849,-0.0130625345390507,0.00772020427898136,-0.0262075834181949,-0.00927345432465767,0.0149972640098954,-0.0184275695840476,-0.0269759518185042,0.0100682389387314,-0.0574459418723735,0.501333333333333,0.488,0.452,0.466666666666667,0.490666666666667,1,0.552,0.572,0.564,0.565333333333333,0.546666666666667,0.504,0.569333333333333,0.530666666666667,0.524,0.517333333333333,0.506666666666667,0.488,0.494666666666667,0.485333333333333,0.509333333333333,0.506666666666667,0.469333333333333,0.509333333333333,0.470666666666667,0.493333333333333,0.504,0.470666666666667,0.492,0.497333333333333,0.48,0.497333333333333,0.462666666666667,0.504,0.488,0.518666666666667,0.456,0.497333333333333,0.469333333333333,0.476,0.461333333333333,0.454666666666667,0.474666666666667,0.496,0.5,0.489333333333333,0.5,0.509333333333333,0.488,0.489333333333333,0.505333333333333,0.461333333333333
"tul15",-0.0103825874803192,0.0263395723568129,-0.0108459297968468,-0.053775529590809,-0.0273516965617682,0.0662235710645999,1,0.0563334781159347,0.0471467906631062,0.00997580084283839,0.0867268343019069,-0.0292095590554343,0.0356747768043139,-0.0173105802508395,-0.04888053963227,0.0100408389226022,0.0775732248973377,0.0220263064730243,0.0479848371340682,0.0572385758815761,-0.00908405287466601,0.0851824858502615,0.0128957933877611,0.00179413284515593,0.00353640846641347,0.0266200861688746,-0.0276185381300214,0.00628957516815034,0.00454420576030855,0.0132137267130076,-0.0520305406575684,0.0183020370022459,-0.018351955760877,-0.0203385414166208,-0.0337091357420227,-0.04565532914036,-0.0332205773628164,-0.00589085302096132,-0.00143349646218369,0.0109949588054934,-0.0190841848874104,-0.0521176186627722,-0.0382740363710225,-0.0309170634673193,0.00602246677991495,-0.0183032851568584,-0.0164196418047743,-0.0210754200729364,-0.00470827415746773,-0.0076335234372527,0.0307403809952569,-0.024775814216653,0.490666666666667,0.516,0.494666666666667,0.468,0.490666666666667,0.532,1,0.532,0.525333333333333,0.494666666666667,0.548,0.474666666666667,0.52,0.493333333333333,0.470666666666667,0.498666666666667,0.54,0.516,0.514666666666667,0.521333333333333,0.493333333333333,0.552,0.510666666666667,0.498666666666667,0.502666666666667,0.518666666666667,0.476,0.506666666666667,0.493333333333333,0.517333333333333,0.464,0.497333333333333,0.496,0.481333333333333,0.48,0.468,0.48,0.504,0.5,0.509333333333333,0.472,0.466666666666667,0.476,0.48,0.506666666666667,0.492,0.489333333333333,0.486666666666667,0.493333333333333,0.489333333333333,0.512,0.476,0.0127239279340848,-0.00193762254573936,-0.047405540095104,0.000964495562032777,-0.0464749974720423,0.0866307171790432,1,0.0315323054423648,0.0558799124533436,0.0525803741259671,0.0427965127953616,-0.0274059089392491,0.0794915126062165,0.0344532457419018,-0.0419646232597855,-0.0499119709835429,-0.0100384013948873,-0.0421284592471595,0.0120256644121606,0.0231310447884369,-0.00253338509042305,0.029773298881298,-0.0594867740691181,0.00661061685198498,-0.0234329630301964,0.0657955302595513,0.0422558273349685,-0.0268005899666771,0.0266848265806749,0.0448814589943301,0.00110087550049877,0.0296558951546315,-0.00865751330502697,-0.0431337777315541,-0.036273199191373,0.0833090457135917,-0.0295835897714138,0.0471501002766734,-0.00636314992939099,-0.00850835938639253,0.00513661062150514,-0.0706711822897757,0.0104063702673669,0.0218829917587271,-0.000607737775092557,-0.0227018254301031,0.00328277358449329,-0.00735065231583364,-0.0115108638231676,0.0170309829483236,-0.0455950830443181,-0.0576191400760323,0.501333333333333,0.497333333333333,0.468,0.489333333333333,0.465333333333333,0.552,1,0.516,0.528,0.522666666666667,0.525333333333333,0.485333333333333,0.544,0.529333333333333,0.477333333333333,0.469333333333333,0.501333333333333,0.474666666666667,0.506666666666667,0.513333333333333,0.504,0.516,0.469333333333333,0.501333333333333,0.484,0.545333333333333,0.513333333333333,0.474666666666667,0.516,0.528,0.506666666666667,0.516,0.489333333333333,0.48,0.477333333333333,0.552,0.482666666666667,0.530666666666667,0.484,0.498666666666667,0.509333333333333,0.461333333333333,0.505333333333333,0.501333333333333,0.493333333333333,0.478666666666667,0.506666666666667,0.5,0.5,0.512,0.477333333333333,0.484
"tul16",0.00178211789833703,-0.0488872065792637,-0.0295025580161584,-0.0185293300199269,-0.0223962731706884,0.0393397676253601,0.0563334781159347,1,0.0605298001884279,0.0914328755508305,0.0547335036889248,-0.0367955510612682,0.105241189168418,0.0186009484306343,-0.0232045835840124,0.0658082494416882,0.0674558726948907,0.0519358086157105,0.0823205953287279,0.0540313449683582,-0.0275006919216119,-0.0185536639405574,-0.0369645442830749,-0.00693320022399018,-0.00975028125409176,0.00276784095715848,-0.053822637942284,-0.0545855745099456,0.0362779992611107,-0.0179029043001029,0.0215103731483439,0.0149778377254212,-0.0186202811331388,-0.0358624465664238,-0.0259513218160664,-0.0396925213309464,0.0103115045022338,-0.0553719627420115,-0.0260908568875265,-0.0184392896191696,0.0435158038823417,-0.0777162020654995,-0.0476968758011404,-0.0448675645945639,-0.0204910176097081,-0.0115923227444399,0.0120757573190147,-0.0819393115940735,-0.0145760478715749,-0.0189951978536319,-0.00530551852544219,-0.054146513400901,0.501333333333333,0.476,0.485333333333333,0.493333333333333,0.481333333333333,0.525333333333333,0.532,1,0.528,0.557333333333333,0.521333333333333,0.484,0.552,0.52,0.474666666666667,0.532,0.534666666666667,0.532,0.546666666666667,0.526666666666667,0.492,0.489333333333333,0.481333333333333,0.489333333333333,0.489333333333333,0.5,0.476,0.464,0.512,0.496,0.512,0.502666666666667,0.496,0.481333333333333,0.490666666666667,0.473333333333333,0.509333333333333,0.466666666666667,0.481333333333333,0.486666666666667,0.529333333333333,0.454666666666667,0.478666666666667,0.478666666666667,0.488,0.494666666666667,0.506666666666667,0.453333333333333,0.493333333333333,0.488,0.496,0.468,-0.05138333839644,-0.0561587809142651,-0.0906492576441336,-0.0199555595922163,-0.0356688571958522,0.134813350956591,0.0315323054423648,1,0.0759161378549496,0.0993550457436525,0.073967841557061,-0.0363657070492931,0.0589684780418532,0.0716550945933954,0.0299202662164013,-0.0384618091187287,-0.00454492975492282,-0.0431150359991731,-0.0200258167127732,0.0432631286049015,-0.00649570950423336,0.0383295952496835,-0.0472503525291976,-0.00997026679595286,-0.0184188909409704,0.0721873007502526,0.0765514033324913,-0.0233536823791492,-0.0187435073553343,-0.0199461379749109,-0.0137403117823621,-0.0212684869556331,-0.0426408209679999,0.00667125037965645,-0.0169308594943692,0.0312784630180288,0.00067794252952398,0.0194085994086564,-0.04322054740684,-0.0600385588472994,-0.0161561754788857,-0.020072931342225,-0.0218349258840287,-0.0283803944771497,-0.0138720927420045,-0.0203535852993507,-0.00240444852635492,0.0186198362001454,0.00410326406654151,-0.00473796878801319,-0.0160469614630059,-0.0493778444743452,0.474666666666667,0.478666666666667,0.442666666666667,0.486666666666667,0.473333333333333,0.572,0.516,1,0.534666666666667,0.549333333333333,0.544,0.476,0.534666666666667,0.54,0.512,0.476,0.488,0.464,0.493333333333333,0.526666666666667,0.496,0.517333333333333,0.470666666666667,0.497333333333333,0.492,0.54,0.537333333333333,0.484,0.489333333333333,0.489333333333333,0.489333333333333,0.488,0.477333333333333,0.506666666666667,0.493333333333333,0.52,0.497333333333333,0.514666666666667,0.470666666666667,0.464,0.494666666666667,0.492,0.486666666666667,0.474666666666667,0.5,0.496,0.496,0.509333333333333,0.504,0.502666666666667,0.478666666666667,0.470666666666667
"tul17",0.0105178019620702,-0.0284685806558956,-0.0252985644709432,-0.0873684728525715,0.0141577108774367,0.0637856045178499,0.0471467906631062,0.0605298001884279,1,-0.0390450741046756,0.0851592673642481,0.037522492868851,0.0730778037198793,0.00672567888145835,-0.00399975264991308,0.0555194932401096,0.114128494300769,0.0498876649665863,0.0598676670115221,0.0323774495763622,0.00962585291727238,0.00849837242193797,-0.0104452888169636,-0.0584998510745046,-0.00459618643895835,0.0949447842060497,0.127299125888058,0.0204705401633032,0.0477103019846856,-0.0498009225144021,-0.00849522717196077,-0.0741925688362705,-0.0386872607767511,0.0336787991063766,-0.00958128347518491,-0.000856989147946037,-0.0587594190290691,-0.0936193965377245,-0.0240287504459582,-0.0763280231042119,-0.0591593602223172,-0.0188102553269983,-0.0346795452415089,-0.0914230545769634,0.0763822766750396,-0.0929574104300465,0.0190152149673187,-0.044209690421927,0.035302384708088,0.0659915315909377,0.0017348744284809,0.0264244915628569,0.506666666666667,0.481333333333333,0.484,0.450666666666667,0.508,0.528,0.525333333333333,0.528,1,0.481333333333333,0.546666666666667,0.522666666666667,0.536,0.509333333333333,0.489333333333333,0.525333333333333,0.565333333333333,0.529333333333333,0.530666666666667,0.510666666666667,0.512,0.502666666666667,0.486666666666667,0.465333333333333,0.493333333333333,0.553333333333333,0.573333333333333,0.509333333333333,0.530666666666667,0.474666666666667,0.492,0.461333333333333,0.472,0.522666666666667,0.489333333333333,0.501333333333333,0.469333333333333,0.453333333333333,0.486666666666667,0.457333333333333,0.466666666666667,0.484,0.474666666666667,0.453333333333333,0.545333333333333,0.452,0.512,0.476,0.521333333333333,0.536,0.506666666666667,0.516,0.0109002733184719,-0.0556729548826471,-0.0567901350282475,-0.0308284276287123,-0.0852477045772519,0.121209105164613,0.0558799124533436,0.0759161378549496,1,0.0875838234836374,0.127220559192511,-0.00669159558823467,0.0697917261103997,0.02927340336614,0.0218966603591152,-0.0113490339656279,0.0446425151580845,-0.0279176475898267,0.0369920042440443,0.00519723888568654,0.0158301304520459,0.0250599397583613,-0.0032738675441003,0.0284241855251121,0.0113630967861874,0.0819808609592756,0.0949116669609834,0.0484232111172194,0.0235311597832035,-0.0177485824600371,-0.0853599520806465,-0.0531142502084723,-0.0338558706223264,-0.0140187280517927,-0.0169784975766547,-0.0587463016300122,0.0234641204535739,0.0243122685743003,-0.0104352282522635,-0.018866294861089,-0.0314964624267709,0.0220256917855971,0.0215238426533621,0.0113162099259898,0.0132308829226991,0.0171811102303342,-0.0309002969115293,0.00995206337872735,0.032423131332592,0.0637119239631251,0.00413489411088616,-0.0354577106369918,0.497333333333333,0.473333333333333,0.46,0.478666666666667,0.450666666666667,0.564,0.528,0.534666666666667,1,0.545333333333333,0.564,0.497333333333333,0.534666666666667,0.517333333333333,0.516,0.501333333333333,0.530666666666667,0.492,0.529333333333333,0.512,0.504,0.509333333333333,0.492,0.521333333333333,0.508,0.548,0.536,0.525333333333333,0.512,0.484,0.445333333333333,0.476,0.488,0.490666666666667,0.486666666666667,0.465333333333333,0.504,0.518666666666667,0.502666666666667,0.490666666666667,0.490666666666667,0.510666666666667,0.512,0.514666666666667,0.509333333333333,0.512,0.485333333333333,0.512,0.52,0.534666666666667,0.5,0.488
"tul18",-0.0693509380005737,-0.0565617563842127,-0.0602353895816748,-0.103225690188903,-0.0787747378885238,-0.00672447313504361,0.00997580084283839,0.0914328755508305,-0.0390450741046756,1,-0.0496541888772939,-0.0199837705748507,0.00346695779704594,0.0480754823518235,0.0879628836619165,0.0335606152038477,-0.0438034361966207,-0.0834693568064309,-0.068649067930503,0.0272963394440357,-0.0666713559320323,-0.0479381243130308,-0.0381691343796147,-0.0244819187823983,-0.0457529321587708,-0.0295859500409527,-0.0630830397198555,-0.00815976555099818,0.00996724143645283,0.0238202532923592,0.044896191691625,0.0532127844661585,-0.053694219076901,-0.137453233953022,0.0371016063328304,-0.00580969416973063,-0.046536058028965,0.063411326893068,0.0472745828714975,0.0503406976442847,0.074331932719556,-0.0454319395092007,0.0745506576754207,0.0180406612397909,-0.155506173688438,0.0354758507825417,-0.021548981455474,0.0877333051042882,-0.110503018140417,0.00305688230456952,-0.0539504896010342,-0.137489247964063,0.456,0.472,0.465333333333333,0.442666666666667,0.448,0.490666666666667,0.494666666666667,0.557333333333333,0.481333333333333,1,0.466666666666667,0.484,0.496,0.525333333333333,0.546666666666667,0.514666666666667,0.472,0.453333333333333,0.458666666666667,0.521333333333333,0.46,0.470666666666667,0.476,0.481333333333333,0.474666666666667,0.490666666666667,0.472,0.492,0.516,0.514666666666667,0.528,0.526666666666667,0.464,0.428,0.525333333333333,0.498666666666667,0.482666666666667,0.537333333333333,0.528,0.526666666666667,0.541333333333333,0.474666666666667,0.532,0.509333333333333,0.42,0.510666666666667,0.489333333333333,0.550666666666667,0.442666666666667,0.496,0.470666666666667,0.428,-0.0983495202249748,-0.0403472528758665,-0.0899442141993122,-0.0739474575678855,-0.107988292592644,0.137646169534833,0.0525803741259671,0.0993550457436525,0.0875838234836374,1,0.0914517079503484,-0.0884515267983681,0.05045570558634,0.0777977674197809,0.0424320460976205,-0.0106498638547216,0.0174974907101815,-0.0322274745171217,0.011519985184693,-0.0130677572346953,-0.0293286970344513,-0.0188778228291378,-0.0152202145863811,-0.00380270237872064,-0.0514118467350472,0.0223090111758642,0.00383375514848652,-0.014098767442029,0.0231264820057529,-0.0103810275219673,-0.0138885770674373,-0.0140060390559056,0.0127898117587662,-0.0682133928598931,-0.0460027379768301,0.00228017293573546,-0.0012870505327881,-0.00123947518865402,-0.0202879395863416,-0.0291461482888696,-0.0555711881366469,-0.0032334387476722,0.00323904522894798,0.0205411492547817,0.0173881894032406,0.0106000148270072,-0.0184714303578521,-0.066136110885403,0.0618141206400723,0.0138581674832009,-0.0401271596403881,-0.0623208617292417,0.442666666666667,0.478666666666667,0.453333333333333,0.465333333333333,0.446666666666667,0.565333333333333,0.522666666666667,0.549333333333333,0.545333333333333,1,0.549333333333333,0.457333333333333,0.522666666666667,0.548,0.516,0.497333333333333,0.514666666666667,0.477333333333333,0.497333333333333,0.492,0.486666666666667,0.488,0.486666666666667,0.502666666666667,0.472,0.512,0.509333333333333,0.489333333333333,0.517333333333333,0.497333333333333,0.494666666666667,0.493333333333333,0.504,0.456,0.468,0.501333333333333,0.493333333333333,0.508,0.489333333333333,0.489333333333333,0.470666666666667,0.504,0.497333333333333,0.510666666666667,0.509333333333333,0.509333333333333,0.492,0.466666666666667,0.522666666666667,0.498666666666667,0.476,0.472
"tul19",0.0337250295553837,0.0520096564235378,-0.0408214243304257,-0.0581732858068894,-0.000981370367172348,0.0404115985489871,0.0867268343019069,0.0547335036889248,0.0851592673642481,-0.0496541888772939,1,-0.0468550423100724,-0.020286524806452,0.0392219628838492,0.0176916316110454,0.0637383690487592,0.0466361468575497,0.0355637216049066,0.028949382796447,0.0128323462345735,-0.00877172558517081,0.0174656640180871,-0.0104029294864125,-0.0404611960535229,0.029164072145207,0.00305575500192954,-0.0201513599665669,0.019036181083096,0.0157339380657346,-0.00399253738863055,-0.0515167000979206,-0.00584490957676876,0.0207844273794056,0.065484422519764,-0.0270207444377274,-0.0249578415974028,-0.0100764233207953,0.0326648378525828,0.0275923043379382,-0.0170327101148674,-0.0200944388002709,-0.0111266532308659,-0.0153679422651463,-0.0515961822894058,0.0415117964938268,0.000879183175052801,0.0412859478171853,-0.0416742725811898,0.0272907245531427,-0.011367437866257,0.0119014284746638,-0.049324078969797,0.522666666666667,0.528,0.473333333333333,0.470666666666667,0.5,0.522666666666667,0.548,0.521333333333333,0.546666666666667,0.466666666666667,1,0.481333333333333,0.473333333333333,0.52,0.510666666666667,0.532,0.516,0.521333333333333,0.509333333333333,0.512,0.497333333333333,0.505333333333333,0.494666666666667,0.478666666666667,0.512,0.502666666666667,0.489333333333333,0.512,0.512,0.5,0.470666666666667,0.492,0.512,0.54,0.48,0.48,0.498666666666667,0.512,0.516,0.496,0.493333333333333,0.497333333333333,0.493333333333333,0.474666666666667,0.524,0.496,0.521333333333333,0.485333333333333,0.509333333333333,0.496,0.502666666666667,0.476,0.0181397521201614,-0.067005473182073,0.0141506512012208,-0.0261070587513116,-0.0360603132701073,0.0960001287355561,0.0427965127953617,0.0739678415570611,0.127220559192511,0.0914517079503484,1,-0.00797102580430698,0.0556316740485551,0.000923869888702069,0.0298454340124088,-0.096306125862709,0.0227249618602429,-0.0628823086892651,-0.046754328686217,-0.00285679156432562,0.0131618848874768,-0.0509159508706594,0.0077255899829744,-0.044141259680437,-0.0456229814582976,0.0341222921146109,0.0339606014189281,-0.04142865955913,0.0269371601301064,0.0221892624385243,-0.027551613034632,0.00572629236846927,-0.014160244541537,-0.0203897137753373,0.0166315775998341,0.00088515788009748,-0.0638017390958358,0.0328978546917013,0.00504102331609074,0.0608596110162527,-0.0672861261283685,-0.0696149591530474,-0.0273655254037791,-0.0394783190184643,0.00400110741099591,-0.0209869890967232,-0.00936297547059984,-0.0247815965735202,-0.00622065678559469,0.0515269998735832,0.00470351313473552,0.0244710854468702,0.512,0.461333333333333,0.509333333333333,0.485333333333333,0.476,0.546666666666667,0.525333333333333,0.544,0.564,0.549333333333333,1,0.497333333333333,0.528,0.490666666666667,0.518666666666667,0.446666666666667,0.509333333333333,0.462666666666667,0.474666666666667,0.509333333333333,0.516,0.474666666666667,0.504,0.48,0.476,0.518666666666667,0.52,0.473333333333333,0.518666666666667,0.501333333333333,0.493333333333333,0.504,0.486666666666667,0.493333333333333,0.508,0.492,0.461333333333333,0.513333333333333,0.505333333333333,0.54,0.464,0.46,0.496,0.485333333333333,0.502666666666667,0.494666666666667,0.497333333333333,0.494666666666667,0.508,0.528,0.502666666666667,0.506666666666667
"tul2",0.0535214912925983,0.0305179727078775,0.0527953576912035,0.0325102172776634,0.0329351613301709,0.00393183893735994,-0.0292095590554343,-0.0367955510612682,0.037522492868851,-0.0199837705748507,-0.0468550423100724,1,-0.0295910690026922,0.028716982563964,-0.0300028980073398,-0.0333558438693208,-0.0568760387382042,-0.0213491714989907,-0.0447788081718868,0.00332737925116906,0.00270516241860957,0.0374681920766202,0.0530867018571348,0.00277776124059407,-0.0139199796835524,-0.00730748218743683,0.0306094840372816,0.0133045631504294,0.0386587207712993,0.0279888341051894,-0.00788214167925689,-0.073496550193634,-5.75592817526337e-05,-0.00557531151787905,0.0335652344554992,0.0212680393104589,-0.0277084129018477,-0.0160755804745059,0.000875530343624598,-0.0257368254114172,-0.0463969171255012,-0.0292906518086664,0.0119860142883643,-0.0306608598183581,-0.0309103406722242,-0.0119198082404408,-0.074715579551382,0.0226106406253545,-0.0345496563426298,0.0639782987419594,-0.0102539936451207,0.03665565407776,0.528,0.510666666666667,0.528,0.514666666666667,0.518666666666667,0.501333333333333,0.474666666666667,0.484,0.522666666666667,0.484,0.481333333333333,1,0.492,0.52,0.488,0.478666666666667,0.470666666666667,0.497333333333333,0.478666666666667,0.514666666666667,0.494666666666667,0.525333333333333,0.532,0.498666666666667,0.489333333333333,0.493333333333333,0.516,0.505333333333333,0.525333333333333,0.516,0.5,0.456,0.5,0.494666666666667,0.518666666666667,0.508,0.482666666666667,0.488,0.492,0.489333333333333,0.468,0.496,0.496,0.482666666666667,0.482666666666667,0.489333333333333,0.456,0.516,0.472,0.538666666666667,0.488,0.52,0.0735223136054543,0.00581507405896901,0.0315856279082572,-0.0181069256690496,-0.0187720157036306,0.0126494073807806,-0.0274059089392491,-0.0363657070492931,-0.00669159558823468,-0.0884515267983681,-0.00797102580430698,1,0.0172419160688939,-0.0137945613731392,-0.0158780144960075,-0.0574332628571335,0.0677834802960302,-0.0253984283919207,0.00493722225765074,0.0541947362678884,-0.0081109283975498,-0.0349153016327277,0.0731921336106062,-0.000975738328656134,-0.034831050099908,-0.00262273446297982,-0.00136838152572337,0.0608851589529691,-0.0074934058320921,0.00837578185900121,0.0390275884487492,-0.00937488367327627,0.00916926388484764,0.0143716998190536,0.0135443784046157,0.0104206043066586,0.0113647459791771,0.0223984095120926,0.00802490814127898,0.0065003577608996,-0.0229746622210018,-0.0106743614796481,-0.00371601480044408,-0.0255632026914048,-0.0278483230088965,-0.011225153806214,-0.0527358852910498,0.0227254365605744,0.00924736009768692,-0.0111993557153571,-0.0161316919891589,-0.0146214333130598,0.534666666666667,0.498666666666667,0.514666666666667,0.489333333333333,0.484,0.504,0.485333333333333,0.476,0.497333333333333,0.457333333333333,0.497333333333333,1,0.516,0.485333333333333,0.492,0.464,0.545333333333333,0.496,0.504,0.524,0.498666666666667,0.472,0.542666666666667,0.513333333333333,0.48,0.509333333333333,0.497333333333333,0.537333333333333,0.497333333333333,0.509333333333333,0.512,0.502666666666667,0.508,0.504,0.508,0.505333333333333,0.510666666666667,0.514666666666667,0.517333333333333,0.493333333333333,0.488,0.498666666666667,0.498666666666667,0.489333333333333,0.474666666666667,0.494666666666667,0.464,0.506666666666667,0.508,0.496,0.496,0.492
"tul20",-0.0229907639395596,-0.00115163359040144,-0.0412809682832414,0.0043497606520676,-0.0323547015257366,0.134875746622445,0.0356747768043139,0.105241189168418,0.0730778037198793,0.00346695779704593,-0.020286524806452,-0.0295910690026922,1,0.0846788726611229,0.0246780410570217,0.0214641805688678,0.151392910639548,0.00927376049267943,0.0316904106980847,0.0348426596663508,0.0107027276279548,-0.00359374086874316,-0.0723081325035463,-0.0518780066919546,0.0187864975952236,0.0522723212347443,-0.00932186986159679,-0.0143923153454907,-0.0278539757833071,-0.0461145769858975,0.0118297156012184,0.0177670192034857,-0.0414598389971683,0.0387213929283499,0.0198493791046143,-0.0579850474514208,-0.0279236424647362,-0.0521418512352459,0.0224550887262188,-0.0107429815725703,0.0423923698373595,0.0110167396454962,0.00858945334407312,-0.00812349094993729,0.0570571732409825,-0.0464545199705528,-0.0174445232842822,-0.0295833989944372,0.0374260762278204,-0.0413319035959716,-0.0627992080150159,-0.0579438959560714,0.490666666666667,0.506666666666667,0.473333333333333,0.5,0.492,0.569333333333333,0.52,0.552,0.536,0.496,0.473333333333333,0.492,1,0.538666666666667,0.512,0.509333333333333,0.586666666666667,0.508,0.517333333333333,0.516,0.512,0.502666666666667,0.453333333333333,0.466666666666667,0.509333333333333,0.534666666666667,0.490666666666667,0.489333333333333,0.486666666666667,0.478666666666667,0.510666666666667,0.513333333333333,0.473333333333333,0.518666666666667,0.506666666666667,0.468,0.477333333333333,0.469333333333333,0.513333333333333,0.496,0.518666666666667,0.508,0.5,0.484,0.533333333333333,0.469333333333333,0.490666666666667,0.484,0.517333333333333,0.485333333333333,0.466666666666667,0.476,-0.068542000675664,-0.0388696625521945,-0.0639170172689897,-0.0817167857325826,0.017212209157144,0.128430670370853,0.0794915126062165,0.0589684780418532,0.0697917261103997,0.05045570558634,0.0556316740485551,0.0172419160688939,1,0.0666032908028765,0.0750568405513659,-0.0802445093038348,-0.00230934501113329,0.0163715298334702,-0.0550344950612441,-0.00428405483051729,-0.00453345182758938,0.0573334884862521,0.00258997994366474,0.0124950825630504,0.0189088126644444,0.00305344998374348,0.040762132169269,0.00164357703993244,0.0280216539093403,-0.00125426821646723,-0.0337834127712853,0.0183401354961127,-0.0354606177380567,0.00963634952291534,-0.0284194653734855,0.0128391939997332,-0.049169272593984,-0.0119778570243156,-0.00876818200651869,0.000475303080422796,-0.0285973253566914,-0.0652240428382045,0.0205718333918997,-0.0482568588587087,0.00477470652963397,-0.0204919923297754,-0.00982888100377037,0.0274960271273373,-0.0220986115835775,-0.0422429436448118,-0.0716195707654141,0.00837366227953478,0.465333333333333,0.478666666666667,0.468,0.450666666666667,0.501333333333333,0.569333333333333,0.544,0.534666666666667,0.534666666666667,0.522666666666667,0.528,0.516,1,0.532,0.541333333333333,0.452,0.502666666666667,0.509333333333333,0.474666666666667,0.489333333333333,0.490666666666667,0.536,0.493333333333333,0.5,0.501333333333333,0.496,0.516,0.497333333333333,0.521333333333333,0.505333333333333,0.478666666666667,0.514666666666667,0.482666666666667,0.514666666666667,0.48,0.5,0.470666666666667,0.496,0.5,0.5,0.485333333333333,0.468,0.508,0.476,0.508,0.478666666666667,0.504,0.508,0.484,0.470666666666667,0.454666666666667,0.513333333333333
"tul21",-0.0242775603428717,0.0175079092429606,-0.013469200164509,0.0180634482548117,-0.0535203510093063,0.0128510480063842,-0.0173105802508395,0.0186009484306343,0.00672567888145835,0.0480754823518235,0.0392219628838492,0.028716982563964,0.0846788726611229,1,0.0465040448280738,-0.00691686180799907,-0.027170692250128,-0.0517926160658971,0.0180054682017936,0.00235435199424767,-0.0359521352034013,-0.0172100057151239,-0.00403093635968798,-0.00260077501279741,-0.0124227909527544,-0.0364344165177269,-0.0133836266195803,-0.00592072344131044,0.00834658320818569,0.00247154247517841,0.0325695730711473,-0.020340145103747,-0.0259933717119533,0.00214425324049324,0.00863284956292788,-0.0422638471321784,0.00246358235559097,-0.0299754698777512,0.00163563578592615,-0.00543675266587791,0.00472269207028526,0.0150537780875489,0.0598102023115363,0.00265728958202169,0.025010110096275,-0.0386682539844086,-0.0608329557296658,-0.0252584462556341,-0.0279685858092798,0.0203568799127305,0.040050915577087,0.0142716764083709,0.478666666666667,0.517333333333333,0.488,0.518666666666667,0.473333333333333,0.497333333333333,0.493333333333333,0.52,0.509333333333333,0.525333333333333,0.52,0.52,0.538666666666667,1,0.525333333333333,0.497333333333333,0.486666666666667,0.466666666666667,0.5,0.5,0.48,0.494666666666667,0.502666666666667,0.498666666666667,0.481333333333333,0.472,0.497333333333333,0.501333333333333,0.510666666666667,0.497333333333333,0.514666666666667,0.481333333333333,0.490666666666667,0.508,0.502666666666667,0.477333333333333,0.504,0.485333333333333,0.506666666666667,0.5,0.501333333333333,0.506666666666667,0.532,0.5,0.516,0.474666666666667,0.465333333333333,0.485333333333333,0.474666666666667,0.513333333333333,0.514666666666667,0.505333333333333,0.0174746412781453,-0.0701914502246125,-0.0467647702340307,-0.0472990136471881,-0.0349792475574417,0.0537132447014004,0.0344532457419018,0.0716550945933954,0.02927340336614,0.0777977674197809,0.000923869888702066,-0.0137945613731392,0.0666032908028765,1,0.0602333743663184,-0.016129279700561,0.0364099100702674,-0.00220004485768628,0.0384044190877651,-0.0147030077698135,-0.00974114642464336,-0.0111606635397126,0.0283128772693482,0.00447159777295792,0.0168178093507522,0.00592314406258205,0.0257601470624884,-0.0150054667101522,0.0133770756507952,0.0459519649085103,0.0508787394546011,-0.0306227307128318,0.0244851918862749,-0.00854407949794868,-0.0199318071566416,0.0414033548613317,0.0450873220285078,-0.0260281398197807,0.0375263881284628,-0.00984056826690843,-0.0523207363021992,-0.0108003851935867,-0.00236156205683308,-0.0254141001824094,-0.00579879459056139,0.0289854377539355,0.0188413209834268,-0.0296980074000574,-0.00383275678355217,-0.0210025863955061,0.00487226560214869,-0.0350814645641298,0.516,0.462666666666667,0.473333333333333,0.473333333333333,0.486666666666667,0.530666666666667,0.529333333333333,0.54,0.517333333333333,0.548,0.490666666666667,0.485333333333333,0.532,1,0.528,0.496,0.525333333333333,0.493333333333333,0.524,0.5,0.494666666666667,0.498666666666667,0.514666666666667,0.509333333333333,0.516,0.505333333333333,0.528,0.489333333333333,0.509333333333333,0.521333333333333,0.532,0.478666666666667,0.514666666666667,0.493333333333333,0.496,0.525333333333333,0.525333333333333,0.493333333333333,0.521333333333333,0.494666666666667,0.478666666666667,0.492,0.497333333333333,0.484,0.494666666666667,0.509333333333333,0.514666666666667,0.486666666666667,0.501333333333333,0.493333333333333,0.498666666666667,0.485333333333333
"tul22",0.0106630603700322,-0.0475171154124589,-0.0587192056121559,-0.00940127424617333,-0.0673026866523265,0.0992238065587355,-0.04888053963227,-0.0232045835840124,-0.00399975264991308,0.0879628836619165,0.0176916316110454,-0.0300028980073397,0.0246780410570217,0.0465040448280738,1,-0.0244312667984169,0.000340744145664747,-0.0133256052036169,-0.00313452933918108,0.0168922290349007,-0.0255331197552964,-0.0145940699669793,-0.0296318600075741,0.102390853461474,0.0255340228941366,0.00755427136332516,0.0314784137797462,-0.0444937768446146,-0.0202303540730708,-0.0673520399293689,-0.0275663186875364,-0.0132961080181452,0.0347900477374504,-0.000444901888238981,-0.0135624003855497,-0.065918761793677,0.00709401517095581,0.00587219572778382,-0.0412428154142181,0.00455081162055087,-0.0453198378559048,0.00504457813571545,-0.0202436316814602,0.0147686549172946,0.0498372598863399,-0.0410487735625855,0.00727468032346354,0.0314532629212002,-0.00994223330993861,0.0243965545588025,0.000354911325126107,-0.0424482302257359,0.502666666666667,0.474666666666667,0.465333333333333,0.493333333333333,0.466666666666667,0.548,0.470666666666667,0.474666666666667,0.489333333333333,0.546666666666667,0.510666666666667,0.488,0.512,0.525333333333333,1,0.484,0.497333333333333,0.492,0.498666666666667,0.509333333333333,0.481333333333333,0.494666666666667,0.482666666666667,0.553333333333333,0.509333333333333,0.508,0.518666666666667,0.477333333333333,0.488,0.462666666666667,0.492,0.502666666666667,0.518666666666667,0.5,0.484,0.465333333333333,0.5,0.501333333333333,0.473333333333333,0.497333333333333,0.481333333333333,0.501333333333333,0.488,0.513333333333333,0.530666666666667,0.48,0.501333333333333,0.526666666666667,0.497333333333333,0.518666666666667,0.504,0.464,0.0174924378134307,-0.0901405691816956,-0.0631541041846682,-0.0290193368059871,-0.0106449174500206,0.0545290141992705,-0.0419646232597855,0.0299202662164013,0.0218966603591153,0.0424320460976205,0.0298454340124088,-0.0158780144960075,0.0750568405513659,0.0602333743663184,1,-0.0237087148105947,-0.0345783451977373,0.0210465000591404,0.00246897549205094,-0.00935334539663231,0.0194035148296968,0.0114982311697502,0.0574923568532999,-0.00964433221048379,-0.0547595413371936,0.0180214961701366,-0.00776702819532321,0.00608360876899817,0.0375757273656002,-0.0690096611816198,-0.00748998800312083,-0.00477263675600476,0.0555920424188381,0.00271148834893482,-0.029974175187896,0.00476515350431585,-0.00137471476694646,-0.0379411798441322,0.00180951381308015,-0.058352424200052,0.000281801576244996,0.0853934419074318,-0.00696856249652305,-0.0054660228483013,0.0131489194176825,-0.0229030940491996,-0.00542277205212912,0.0223441971219563,-0.0419202184504912,-0.037819138077497,0.00389301578248596,-0.0929848304439999,0.516,0.446666666666667,0.458666666666667,0.496,0.502666666666667,0.524,0.477333333333333,0.512,0.516,0.516,0.518666666666667,0.492,0.541333333333333,0.528,1,0.484,0.484,0.496,0.489333333333333,0.493333333333333,0.5,0.498666666666667,0.537333333333333,0.496,0.474666666666667,0.508,0.505333333333333,0.506666666666667,0.526666666666667,0.462666666666667,0.5,0.496,0.532,0.5,0.482666666666667,0.484,0.496,0.482666666666667,0.496,0.470666666666667,0.496,0.553333333333333,0.497333333333333,0.497333333333333,0.505333333333333,0.493333333333333,0.493333333333333,0.52,0.477333333333333,0.474666666666667,0.5,0.444
"tul23",-0.027211056309345,-0.039279819739712,-0.0157773376486586,-0.0400368942928689,-0.0354079818281365,0.0746703260264542,0.0100408389226022,0.0658082494416882,0.0555194932401096,0.0335606152038477,0.0637383690487592,-0.0333558438693208,0.0214641805688678,-0.00691686180799908,-0.0244312667984169,1,0.0622381587689251,0.0546862687120967,0.0307995750532605,0.00488465738926012,0.0311178617349335,0.0398930398027804,0.0414769866612184,-0.0241757159965196,-0.0176834888669565,0.029756070491085,-0.0587704995066681,-0.00831946884014483,-0.0395146652904835,0.0300100809018769,-0.0161163035773668,-0.017594768116597,-0.017594673930363,0.0133993442036824,0.0235946487058957,-0.0718747461580688,-0.0373080089557101,0.0453210219980728,-0.0541179069230626,-0.0226418718738462,0.0768457089713136,-0.0570027534202265,0.00416435719304916,0.00555296731649701,0.0864397228920944,-0.000683314917610422,-0.0190888570229703,-0.0280254981051156,0.0322451381819713,0.0165803489985745,0.0110045466929592,-0.0717633336617328,0.484,0.482666666666667,0.492,0.472,0.48,0.548,0.498666666666667,0.532,0.525333333333333,0.514666666666667,0.532,0.478666666666667,0.509333333333333,0.497333333333333,0.484,1,0.533333333333333,0.536,0.52,0.505333333333333,0.508,0.521333333333333,0.521333333333333,0.493333333333333,0.492,0.514666666666667,0.466666666666667,0.502666666666667,0.478666666666667,0.518666666666667,0.485333333333333,0.501333333333333,0.488,0.504,0.514666666666667,0.468,0.478666666666667,0.516,0.465333333333333,0.482666666666667,0.536,0.465333333333333,0.501333333333333,0.502666666666667,0.542666666666667,0.504,0.494666666666667,0.478666666666667,0.509333333333333,0.509333333333333,0.504,0.456,-0.00632788169563433,0.0222959949974986,0.0249608296562664,0.00591157362233065,-0.0214848110745134,0.0260890448910188,-0.0499119709835429,-0.0384618091187287,-0.0113490339656279,-0.0106498638547216,-0.096306125862709,-0.0574332628571335,-0.0802445093038348,-0.016129279700561,-0.0237087148105947,1,-0.0093648684758055,0.135319642464419,0.137320504476433,0.0187126901261695,-0.0142137359269357,0.0398192711530603,-0.0244453632005649,0.00874815485301039,-0.0220185898293083,-0.0327867323105589,0.027901448271859,0.0774946856259283,-0.0145973887757458,-0.0526389315096044,0.00394466272467952,-0.0170456799817054,0.0016276706366764,-0.0223973139645621,-0.0239084702774876,-0.0537817038625529,0.00112959490239579,0.00215806621230937,0.00307941852390759,0.0441610715713393,-0.0311493244133689,-0.0666903515024397,0.0231078181282646,-0.000929857713578689,-0.0101475452338419,-0.0257827503844289,0.0513857121906538,-0.0166751350756246,-0.0479312629695262,-0.0553111950555352,-0.0177457617825981,-0.0070512217550904,0.492,0.510666666666667,0.516,0.505333333333333,0.486666666666667,0.517333333333333,0.469333333333333,0.476,0.501333333333333,0.497333333333333,0.446666666666667,0.464,0.452,0.496,0.484,1,0.504,0.568,0.578666666666667,0.504,0.492,0.525333333333333,0.490666666666667,0.508,0.474666666666667,0.482666666666667,0.510666666666667,0.537333333333333,0.492,0.477333333333333,0.510666666666667,0.485333333333333,0.492,0.498666666666667,0.498666666666667,0.466666666666667,0.493333333333333,0.494666666666667,0.505333333333333,0.526666666666667,0.486666666666667,0.464,0.506666666666667,0.5,0.493333333333333,0.486666666666667,0.532,0.488,0.466666666666667,0.468,0.490666666666667,0.490666666666667
"tul24",0.0360739107523181,-0.0146283188786515,-0.0446189970660262,0.0160166565881237,0.0092822014968616,-0.000371267934986633,0.0775732248973377,0.0674558726948907,0.114128494300769,-0.0438034361966207,0.0466361468575497,-0.0568760387382042,0.151392910639548,-0.027170692250128,0.000340744145664746,0.0622381587689251,1,0.101955813408866,0.098834201235196,0.0115822799941202,0.0649626317765302,0.0596614001083958,-0.00638409985835017,-0.00677140368913998,0.0163004569102467,0.014294580145254,-0.0440976781765873,0.0152210950377191,-0.00139145748930541,-0.0340742371087125,-0.00401310270631558,0.0146600941377474,-0.0485186568245218,0.14149002926154,-0.0415320766362918,-0.0182952025664778,-0.000419709374161752,-0.0889976975097239,0.0031618688847202,-0.0609195461190832,-0.0277191528151483,-0.0290659153740121,-0.0488453938483127,-0.0810396522826759,0.124971210207147,-0.0510249403515724,-0.00907683124828206,-0.043391903417565,0.145415637887758,-0.0558769071447959,-0.0430485769031106,-0.0967787970995761,0.513333333333333,0.486666666666667,0.474666666666667,0.506666666666667,0.497333333333333,0.501333333333333,0.54,0.534666666666667,0.565333333333333,0.472,0.516,0.470666666666667,0.586666666666667,0.486666666666667,0.497333333333333,0.533333333333333,1,0.569333333333333,0.548,0.501333333333333,0.536,0.530666666666667,0.498666666666667,0.504,0.502666666666667,0.501333333333333,0.484,0.509333333333333,0.501333333333333,0.484,0.501333333333333,0.516,0.468,0.578666666666667,0.470666666666667,0.490666666666667,0.494666666666667,0.457333333333333,0.508,0.469333333333333,0.488,0.484,0.477333333333333,0.457333333333333,0.566666666666667,0.464,0.486666666666667,0.474666666666667,0.581333333333333,0.464,0.470666666666667,0.444,0.0470712371347937,-0.0340818004013094,0.0372274064869668,-0.0253217049790097,0.00973486464343187,0.0197576043124987,-0.0100384013948873,-0.00454492975492283,0.0446425151580845,0.0174974907101815,0.0227249618602429,0.0677834802960302,-0.00230934501113329,0.0364099100702674,-0.0345783451977373,-0.0093648684758055,1,0.0716740542570294,0.0462290252762537,0.026446995050836,0.00202185510209964,-0.0436608863352592,-0.00532301395401033,-0.00405602146319145,-0.0332372663055279,-0.0308485946608727,-0.00473257607299194,-0.0316230126653361,0.0727879101237095,0.0461351606294942,0.0448003774710333,-0.0176482122473716,0.00810633199364931,-0.00946375704675317,-0.00408235706885134,-0.0169989597863736,-0.0255572718911236,0.0828644698159266,-0.0106236258037484,0.023874170255193,-0.0241046854238974,-0.0620874230127214,-0.0517431028821149,-0.0108545705040368,0.0275855803623221,-0.0530627000210485,0.072949595272911,0.00405998432133139,-0.0810521064025602,-0.0227742579143605,0.0129163926893659,0.0244203179470132,0.526666666666667,0.489333333333333,0.524,0.485333333333333,0.508,0.506666666666667,0.501333333333333,0.488,0.530666666666667,0.514666666666667,0.509333333333333,0.545333333333333,0.502666666666667,0.525333333333333,0.484,0.504,1,0.541333333333333,0.52,0.516,0.506666666666667,0.466666666666667,0.502666666666667,0.496,0.485333333333333,0.486666666666667,0.5,0.489333333333333,0.529333333333333,0.517333333333333,0.521333333333333,0.490666666666667,0.514666666666667,0.501333333333333,0.488,0.490666666666667,0.486666666666667,0.544,0.489333333333333,0.516,0.485333333333333,0.470666666666667,0.472,0.485333333333333,0.516,0.465333333333333,0.541333333333333,0.496,0.446666666666667,0.492,0.514666666666667,0.505333333333333
"tul25",0.0398941629928376,0.0241706718675154,0.0096819086077672,-0.056655342551562,-0.011076483858997,0.0727289283729875,0.0220263064730243,0.0519358086157105,0.0498876649665863,-0.0834693568064309,0.0355637216049066,-0.0213491714989907,0.00927376049267943,-0.0517926160658971,-0.0133256052036169,0.0546862687120967,0.101955813408866,1,0.183915030942503,-0.0284622321091033,0.130979224305471,0.144104360108781,0.00135856479542474,-0.00314848923860885,0.0344650070300048,0.032849102468977,-0.0242751235301564,0.0315954981768327,-0.00281777833390492,-0.108432958001814,-0.0285342470504816,-0.0740702436775944,-0.0691102268720723,0.271789723361989,-0.11492682273795,-0.0725400767561898,-0.0199372705116648,-0.0824202484505333,-0.113302103684697,-0.171677039634014,-0.0903602951216494,-0.0612046011914071,-0.116205967011203,-0.137334341596815,0.381019025515819,-0.119114161184064,0.0037274949469284,-0.0312073746538434,0.292490791598787,-0.00986155251870035,0.0258180903155987,0.03421599480394,0.52,0.517333333333333,0.505333333333333,0.461333333333333,0.496,0.530666666666667,0.516,0.532,0.529333333333333,0.453333333333333,0.521333333333333,0.497333333333333,0.508,0.466666666666667,0.492,0.536,0.569333333333333,1,0.597333333333333,0.488,0.568,0.584,0.498666666666667,0.496,0.517333333333333,0.52,0.484,0.524,0.493333333333333,0.441333333333333,0.493333333333333,0.464,0.462666666666667,0.642666666666667,0.437333333333333,0.449333333333333,0.481333333333333,0.457333333333333,0.441333333333333,0.408,0.456,0.472,0.444,0.425333333333333,0.705333333333333,0.442666666666667,0.504,0.494666666666667,0.645333333333333,0.497333333333333,0.518666666666667,0.52,-0.0281517192886675,0.0208256729774484,0.000875651454314983,-0.0278331828086189,0.0187077197307744,-0.0123048373496436,-0.0421284592471595,-0.0431150359991731,-0.0279176475898267,-0.0322274745171217,-0.0628823086892651,-0.0253984283919207,0.0163715298334702,-0.00220004485768628,0.0210465000591404,0.135319642464419,0.0716740542570294,1,0.112239602423276,-0.0135134869029161,0.037817428529712,0.0897055770161316,-0.0329881417798097,-0.00109999035381041,0.011074838312439,-0.0575912476151089,0.00441029985148599,0.00759913173576001,-0.00874984329504992,-0.013276530923922,-0.0247126016956873,-0.0361801840942146,0.00138370488942372,-0.0382392747696821,0.0264321101002305,-0.0311576714520018,0.0590875624598221,0.0686764575126726,0.014030349952093,-0.00126834048983216,0.0139665721904452,0.037936176545009,0.00235772032041742,-0.0308180097491452,0.0109081143427877,-0.0250433638457294,0.0844899714011454,0.0204126632750294,-0.00995799566915624,0.00933680557545302,0.000614199092357394,0.0531107839209744,0.493333333333333,0.514666666666667,0.501333333333333,0.484,0.510666666666667,0.488,0.474666666666667,0.464,0.492,0.477333333333333,0.462666666666667,0.496,0.509333333333333,0.493333333333333,0.496,0.568,0.541333333333333,1,0.562666666666667,0.497333333333333,0.513333333333333,0.541333333333333,0.493333333333333,0.496,0.505333333333333,0.464,0.501333333333333,0.502666666666667,0.489333333333333,0.485333333333333,0.492,0.48,0.504,0.488,0.518666666666667,0.476,0.537333333333333,0.54,0.514666666666667,0.504,0.506666666666667,0.526666666666667,0.494666666666667,0.472,0.514666666666667,0.481333333333333,0.541333333333333,0.517333333333333,0.496,0.508,0.498666666666667,0.518666666666667
"tul26",0.00319328754691858,0.00888584131817248,-0.00373914317305833,-0.00671891751270416,0.0338984013216288,0.00941453772029207,0.0479848371340682,0.0823205953287279,0.0598676670115221,-0.068649067930503,0.028949382796447,-0.0447788081718868,0.0316904106980847,0.0180054682017935,-0.00313452933918108,0.0307995750532605,0.098834201235196,0.183915030942503,1,-0.0470938460131132,0.145839839916701,0.0802157336644953,-0.0497798992577964,0.0184488605286223,0.000593928527215857,0.0507181198621335,-0.0413729235427964,-0.0432115482407892,-0.0062999567198463,-0.0363637033146223,-0.0200800659445203,-0.0767866864424508,-0.0391694073944583,0.190712399597197,-0.0521323299007903,-0.0438918608663166,0.0171528352146005,-0.0932697939387962,-0.0469393290903422,-0.136802877896317,-0.085985267443889,-0.061521757958606,-0.0907716053947023,-0.0963463894595509,0.229097548603313,-0.0595506709476813,0.0133477927317324,-0.0328123813033342,0.194392378213607,-0.0606130093400442,0.0480594665854767,-0.0404892125091978,0.501333333333333,0.506666666666667,0.486666666666667,0.497333333333333,0.522666666666667,0.502666666666667,0.514666666666667,0.546666666666667,0.530666666666667,0.458666666666667,0.509333333333333,0.478666666666667,0.517333333333333,0.5,0.498666666666667,0.52,0.548,0.597333333333333,1,0.465333333333333,0.585333333333333,0.537333333333333,0.468,0.502666666666667,0.501333333333333,0.534666666666667,0.472,0.474666666666667,0.501333333333333,0.477333333333333,0.501333333333333,0.448,0.48,0.6,0.485333333333333,0.469333333333333,0.502666666666667,0.452,0.466666666666667,0.434666666666667,0.454666666666667,0.464,0.457333333333333,0.445333333333333,0.622666666666667,0.472,0.512,0.48,0.598666666666667,0.469333333333333,0.521333333333333,0.472,-0.0512785635185341,0.0391277581245727,-0.0351743886612819,-0.0596683992848869,0.000439344974459356,-0.0192067093787318,0.0120256644121606,-0.0200258167127732,0.0369920042440443,0.011519985184693,-0.046754328686217,0.00493722225765074,-0.0550344950612441,0.0384044190877651,0.00246897549205094,0.137320504476433,0.0462290252762537,0.112239602423276,1,0.0270376575022351,-0.00226659493262836,0.13540075180051,-0.0648856831769148,0.0298355655887643,-0.00726798737732345,-0.0174050277295921,0.00646107719710453,-0.0168239525495893,-0.00685917280566524,-0.0496037832940111,0.0108834182451269,-0.0296129268556423,-0.0172889467076065,-0.0621484402384082,0.0371545244681013,-0.120716160767512,0.0326088101841509,0.00988656200580626,0.0117626428153124,0.00485217454154634,0.0186832940098055,-0.00114154932635066,-0.0014893733004803,-0.0540663164726928,-0.0742809120285693,-0.046467149531146,0.0056993874199337,-0.0304525760626365,-0.0737202604173256,0.0261818569595398,0.0549554420075941,-0.0361682923757096,0.468,0.526666666666667,0.477333333333333,0.465333333333333,0.494666666666667,0.494666666666667,0.506666666666667,0.493333333333333,0.529333333333333,0.497333333333333,0.474666666666667,0.504,0.474666666666667,0.524,0.489333333333333,0.578666666666667,0.52,0.562666666666667,1,0.510666666666667,0.5,0.58,0.461333333333333,0.521333333333333,0.496,0.493333333333333,0.505333333333333,0.489333333333333,0.490666666666667,0.473333333333333,0.502666666666667,0.481333333333333,0.493333333333333,0.462666666666667,0.517333333333333,0.44,0.517333333333333,0.501333333333333,0.501333333333333,0.5,0.505333333333333,0.494666666666667,0.493333333333333,0.46,0.457333333333333,0.478666666666667,0.496,0.474666666666667,0.462666666666667,0.513333333333333,0.522666666666667,0.472
"tul27",-0.0638323409230623,0.0181667236282685,-0.0447061691619609,-0.0537340348117857,0.0393951094591569,-0.017052739367936,0.0572385758815761,0.0540313449683582,0.0323774495763622,0.0272963394440357,0.0128323462345735,0.00332737925116907,0.0348426596663508,0.00235435199424767,0.0168922290349007,0.00488465738926012,0.0115822799941202,-0.0284622321091033,-0.0470938460131132,1,-0.0241292009851063,0.00903007503259706,0.0178302608408948,-0.00680463630097217,0.0110525227349693,-0.022616717375193,-0.0256965542564609,0.0516533139769623,0.010191906875119,0.00331171731567951,-0.0148872371908516,0.0167785778753993,-0.0210987138723029,-0.0767415338211973,-0.0586686102573185,0.0202675058093309,0.0159066955281839,-0.0131101435652162,0.00951514403715602,0.0444689066352696,0.013138080598961,0.00337366533451958,0.0285697377954201,-0.00266577163567884,-0.0893110083835765,-0.00206506366460631,0.0119015289047279,-0.0244247300482086,-0.0680348435196537,0.0254235236084135,-0.0440519498094838,0.012615747356002,0.469333333333333,0.514666666666667,0.474666666666667,0.466666666666667,0.518666666666667,0.5,0.521333333333333,0.526666666666667,0.510666666666667,0.521333333333333,0.512,0.514666666666667,0.516,0.5,0.509333333333333,0.505333333333333,0.501333333333333,0.488,0.465333333333333,1,0.489333333333333,0.5,0.508,0.494666666666667,0.498666666666667,0.492,0.494666666666667,0.529333333333333,0.498666666666667,0.509333333333333,0.496,0.509333333333333,0.478666666666667,0.450666666666667,0.458666666666667,0.512,0.504,0.493333333333333,0.498666666666667,0.524,0.514666666666667,0.5,0.524,0.502666666666667,0.454666666666667,0.5,0.506666666666667,0.501333333333333,0.458666666666667,0.506666666666667,0.484,0.513333333333333,-0.0123019026551196,0.0331621774295361,-0.0173659684437292,-0.0235279013595132,0.0240980175965949,-0.0182517280214513,0.0231310447884369,0.0432631286049015,0.00519723888568655,-0.0130677572346953,-0.00285679156432562,0.0541947362678884,-0.0042840548305173,-0.0147030077698135,-0.00935334539663231,0.0187126901261695,0.026446995050836,-0.0135134869029161,0.0270376575022351,1,-0.0296443492651528,-0.0419366624500308,-0.0666073263472316,-0.0143038169310401,0.00554561715800067,-0.0617860789618246,-0.0126284987604385,0.0187353217459986,-0.0599123666690511,0.01553553008604,-0.00413390152575411,-0.0234107653998287,0.0397145671709405,0.0360332223437774,-0.0328818000618964,-0.00660395982467064,-0.0144274272583924,0.0161693639558641,-0.00608509286341974,0.00815231186824724,-0.023909016814863,-0.0195294948877331,-0.0617352177537055,0.0101531163661443,-0.0327912952540864,-0.0257326704633988,-0.0289475315904381,0.00399328876637048,0.0369989567704439,0.0171629466378404,0.00867337649345106,-0.0414181242612327,0.494666666666667,0.518666666666667,0.497333333333333,0.488,0.510666666666667,0.485333333333333,0.513333333333333,0.526666666666667,0.512,0.492,0.509333333333333,0.524,0.489333333333333,0.5,0.493333333333333,0.504,0.516,0.497333333333333,0.510666666666667,1,0.486666666666667,0.473333333333333,0.466666666666667,0.488,0.509333333333333,0.464,0.501333333333333,0.506666666666667,0.472,0.509333333333333,0.493333333333333,0.486666666666667,0.517333333333333,0.516,0.473333333333333,0.506666666666667,0.497333333333333,0.517333333333333,0.492,0.498666666666667,0.485333333333333,0.490666666666667,0.466666666666667,0.513333333333333,0.478666666666667,0.490666666666667,0.496,0.502666666666667,0.526666666666667,0.512,0.504,0.476
"tul28",-0.0276990939254663,-0.00430516865491753,0.0236676825942225,0.0351315312213461,0.0163115475346926,-0.0261572720944939,-0.00908405287466601,-0.0275006919216119,0.00962585291727238,-0.0666713559320323,-0.00877172558517081,0.00270516241860957,0.0107027276279548,-0.0359521352034013,-0.0255331197552964,0.0311178617349335,0.0649626317765302,0.130979224305471,0.145839839916701,-0.0241292009851063,1,0.0585543139722946,0.0272059213908651,0.029784495752406,0.049923235107883,0.0108959644171307,0.0128119463690074,0.0185874016584348,0.0126444800815569,-0.00479665988864123,0.0286610773733551,-0.0101809088478694,-0.0141092960335234,0.113194619805036,-0.0573286089485917,-0.0153683385720032,0.0176236836571003,-0.0537527924014836,-0.0115393417923102,-0.109723510214315,-0.051377662943349,-0.042067479530198,-0.0661416457787265,-0.0338211522210419,0.174604443185666,-0.0554510255135012,-0.0160876394285611,0.0150174815795101,0.150438545392109,0.0171100804601919,0.0071707646553123,-0.0125026815339721,0.48,0.498666666666667,0.52,0.521333333333333,0.506666666666667,0.492,0.493333333333333,0.492,0.512,0.46,0.497333333333333,0.494666666666667,0.512,0.48,0.481333333333333,0.508,0.536,0.568,0.585333333333333,0.489333333333333,1,0.537333333333333,0.528,0.517333333333333,0.534666666666667,0.498666666666667,0.501333333333333,0.509333333333333,0.505333333333333,0.493333333333333,0.514666666666667,0.505333333333333,0.489333333333333,0.568,0.470666666666667,0.494666666666667,0.505333333333333,0.474666666666667,0.494666666666667,0.44,0.464,0.476,0.462666666666667,0.473333333333333,0.6,0.468,0.493333333333333,0.506666666666667,0.582666666666667,0.508,0.513333333333333,0.48,-0.0279895300621265,0.00445059292589904,-0.0511406751875943,-0.0307160908152964,-0.00295724823006648,0.0153492940409018,-0.00253338509042305,-0.00649570950423336,0.0158301304520459,-0.0293286970344513,0.0131618848874768,-0.0081109283975498,-0.00453345182758938,-0.00974114642464336,0.0194035148296968,-0.0142137359269357,0.00202185510209964,0.037817428529712,-0.00226659493262836,-0.0296443492651528,1,0.0373588613484393,0.00141553943666503,-0.0406320577961162,-0.0348398576426201,0.0100012038310442,-0.0347465244594874,0.0104465649865298,0.00270746829948693,0.0120387053280639,-0.0427473209407378,0.0118517571921967,-0.015173913924194,-0.00918305991245964,-0.0181504590746271,-0.0163191012151053,0.0252349702613054,0.0417578469871995,-0.0435298047236735,0.00140998555872529,0.0252493304174783,0.011108797495649,-0.0100639255017739,-0.0349080174866428,0.0357766324603854,0.0101986372490999,0.0492948687133471,0.0192333758394465,0.0164314260095456,-0.0158859902219931,0.0721150604897691,-0.00285130860701403,0.485333333333333,0.501333333333333,0.477333333333333,0.490666666666667,0.508,0.509333333333333,0.504,0.496,0.504,0.486666666666667,0.516,0.498666666666667,0.490666666666667,0.494666666666667,0.5,0.492,0.506666666666667,0.513333333333333,0.5,0.486666666666667,1,0.521333333333333,0.5,0.478666666666667,0.48,0.506666666666667,0.481333333333333,0.513333333333333,0.5,0.510666666666667,0.48,0.502666666666667,0.492,0.494666666666667,0.482666666666667,0.496,0.502666666666667,0.525333333333333,0.469333333333333,0.498666666666667,0.524,0.512,0.496,0.478666666666667,0.521333333333333,0.508,0.525333333333333,0.514666666666667,0.510666666666667,0.485333333333333,0.534666666666667,0.488
"tul29",0.00113920747437353,0.0184900753015186,0.0488984739548446,0.0121269044573079,-0.0425819251719625,0.0348933965106347,0.0851824858502615,-0.0185536639405574,0.00849837242193796,-0.0479381243130308,0.0174656640180871,0.0374681920766202,-0.00359374086874316,-0.0172100057151239,-0.0145940699669793,0.0398930398027804,0.0596614001083958,0.144104360108781,0.0802157336644953,0.00903007503259706,0.0585543139722946,1,-0.0271011909821039,-0.044302135742213,0.0325810964579031,0.00393064897830757,-0.00332660429485393,-0.0243999784085761,-0.0677605638418152,-0.109209099346235,-0.037650029375623,-0.0613432779334587,-0.0837714873769395,0.158349892927618,-0.0368366520410121,0.0185995924321062,-0.0013961506498916,-0.0326977187723137,-0.0706657185664363,-0.06393287459955,-0.0706469887988408,-0.0075694727860347,-0.0665241207172815,-0.0313732480160221,0.149734113628785,-0.118752384199145,-0.0445410635760768,0.0145585971629847,0.0850506330271842,0.0268680122267325,-0.00836367396565478,-0.0542428368440685,0.5,0.506666666666667,0.526666666666667,0.502666666666667,0.484,0.518666666666667,0.552,0.489333333333333,0.502666666666667,0.470666666666667,0.505333333333333,0.525333333333333,0.502666666666667,0.494666666666667,0.494666666666667,0.521333333333333,0.530666666666667,0.584,0.537333333333333,0.5,0.537333333333333,1,0.488,0.481333333333333,0.514666666666667,0.502666666666667,0.498666666666667,0.490666666666667,0.456,0.445333333333333,0.486666666666667,0.457333333333333,0.448,0.585333333333333,0.488,0.513333333333333,0.5,0.477333333333333,0.465333333333333,0.46,0.468,0.482666666666667,0.46,0.48,0.574666666666667,0.438666666666667,0.473333333333333,0.502666666666667,0.538666666666667,0.514666666666667,0.493333333333333,0.468,0.00393848412155222,0.00442400292611412,-0.0235493907219498,-0.00193626446304352,-0.0142740480763621,0.00907834726090816,0.0297732988812979,0.0383295952496835,0.0250599397583613,-0.0188778228291378,-0.0509159508706594,-0.0349153016327277,0.0573334884862521,-0.0111606635397126,0.0114982311697502,0.0398192711530603,-0.0436608863352592,0.0897055770161316,0.13540075180051,-0.0419366624500308,0.0373588613484393,1,0.0229106297347291,0.0297711339433975,-0.0284663955752327,0.0319826538162038,0.0168334210026734,-0.0195490983634871,-0.028380792890109,-0.0448241004035399,-0.00334890202041084,0.00141885249700083,0.0118328796396723,-0.0871946368532258,-0.00470186650635015,-0.00942027014678394,0.0302713920450467,-0.000486902577742091,0.0183037314989119,-0.000263548599526537,-0.0291474524205648,0.0144047656567503,0.03476467310754,-0.0224654283738968,-0.00206429093227566,0.00793682358206708,0.00311901778424367,0.0131745129857903,-0.0264972351057323,-0.0226171483526441,0.0208938653763058,0.0260706648234751,0.508,0.494666666666667,0.484,0.490666666666667,0.489333333333333,0.506666666666667,0.516,0.517333333333333,0.509333333333333,0.488,0.474666666666667,0.472,0.536,0.498666666666667,0.498666666666667,0.525333333333333,0.466666666666667,0.541333333333333,0.58,0.473333333333333,0.521333333333333,1,0.516,0.517333333333333,0.484,0.517333333333333,0.502666666666667,0.482666666666667,0.497333333333333,0.473333333333333,0.497333333333333,0.505333333333333,0.510666666666667,0.46,0.5,0.488,0.516,0.505333333333333,0.512,0.512,0.478666666666667,0.510666666666667,0.518666666666667,0.485333333333333,0.5,0.496,0.5,0.501333333333333,0.484,0.478666666666667,0.513333333333333,0.522666666666667
"tul3",0.0428633748953332,0.0614631736326477,-0.0112537668684517,0.084097327367301,-0.004873246609645,0.037373102234676,0.0128957933877611,-0.0369645442830749,-0.0104452888169636,-0.0381691343796147,-0.0104029294864125,0.0530867018571348,-0.0723081325035463,-0.00403093635968798,-0.0296318600075741,0.0414769866612184,-0.00638409985835017,0.00135856479542474,-0.0497798992577964,0.0178302608408948,0.0272059213908651,-0.0271011909821039,1,0.00632540637043731,0.0260303258445374,0.0360482574489682,-0.0125234888431998,0.0286056781092058,0.0366054930237716,0.0827643747970004,0.0216187005609906,-5.2416098348324e-05,-0.0147180924708843,-0.0373020828371112,0.00732928105527253,0.0136686123064925,0.0544010682283727,0.00244470210476283,-0.0103072014973723,-0.00774649477886814,-0.00950458723863972,0.0355843792800775,0.00070251092897763,0.00428346867997157,-0.027081713273145,0.0503676496753864,0.0229684068679687,0.00601950555216072,-0.0658386679120663,0.0531668988296351,-0.00700211141900093,-0.00359488622613377,0.522666666666667,0.538666666666667,0.498666666666667,0.549333333333333,0.493333333333333,0.509333333333333,0.510666666666667,0.481333333333333,0.486666666666667,0.476,0.494666666666667,0.532,0.453333333333333,0.502666666666667,0.482666666666667,0.521333333333333,0.498666666666667,0.498666666666667,0.468,0.508,0.528,0.488,1,0.490666666666667,0.509333333333333,0.528,0.493333333333333,0.516,0.526666666666667,0.546666666666667,0.52,0.498666666666667,0.496,0.48,0.508,0.509333333333333,0.528,0.506666666666667,0.501333333333333,0.497333333333333,0.493333333333333,0.52,0.501333333333333,0.505333333333333,0.486666666666667,0.530666666666667,0.505333333333333,0.508,0.457333333333333,0.529333333333333,0.497333333333333,0.502666666666667,0.103860993360117,-0.0236850007722754,0.05634554780637,-0.0165875590456729,0.02675414524647,-0.0520442283671179,-0.0594867740691181,-0.0472503525291976,-0.0032738675441003,-0.0152202145863811,0.0077255899829744,0.0731921336106062,0.00258997994366474,0.0283128772693482,0.0574923568532999,-0.0244453632005649,-0.00532301395401033,-0.0329881417798097,-0.0648856831769148,-0.0666073263472316,0.00141553943666504,0.0229106297347291,1,0.0404456299780995,-0.00575594289687607,-0.0132561062419595,-0.0137241062422973,-0.00729496709939291,-0.0133231100309787,0.0155047361482884,-0.0103656324574612,-0.0409458513434193,0.0238935738355505,0.0712849642885531,-0.0539575334362259,0.0117788134125092,-0.0266575020620118,-0.0204766782055426,-0.00605584076682329,0.0461956164065998,-0.0149617260226742,0.0202940139850044,-0.0638833972289113,0.00671949531640431,0.0275285817601892,0.00311077437312104,-0.0103463300540178,-0.0475447326928042,0.0213467248714137,-0.00968023447397162,0.0307843933746115,0.00040938625849224,0.554666666666667,0.488,0.54,0.502666666666667,0.516,0.469333333333333,0.469333333333333,0.470666666666667,0.492,0.486666666666667,0.504,0.542666666666667,0.493333333333333,0.514666666666667,0.537333333333333,0.490666666666667,0.502666666666667,0.493333333333333,0.461333333333333,0.466666666666667,0.5,0.516,1,0.526666666666667,0.496,0.493333333333333,0.492,0.492,0.5,0.510666666666667,0.506666666666667,0.476,0.516,0.546666666666667,0.465333333333333,0.508,0.476,0.489333333333333,0.486666666666667,0.525333333333333,0.489333333333333,0.510666666666667,0.454666666666667,0.502666666666667,0.513333333333333,0.497333333333333,0.494666666666667,0.465333333333333,0.516,0.494666666666667,0.510666666666667,0.497333333333333
"tul30",0.00838715267753397,0.0110737043490429,0.0292482002683657,0.0187074619220359,0.00660799520632977,0.0126782461784522,0.00179413284515593,-0.00693320022399018,-0.0584998510745046,-0.0244819187823983,-0.0404611960535229,0.00277776124059407,-0.0518780066919546,-0.00260077501279741,0.102390853461474,-0.0241757159965196,-0.00677140368913997,-0.00314848923860885,0.0184488605286223,-0.00680463630097218,0.029784495752406,-0.044302135742213,0.00632540637043731,1,0.0975826124978401,0.00858453740453854,-0.0473282603840713,-4.3016303342083e-05,-0.0295979434700634,-0.0297704547335837,-0.0231536276002155,-0.0220143183893599,0.00752875586173674,0.0239972196674969,-0.000171081874951487,-0.0266394121028463,0.0203883524268704,-0.0430862306161855,-0.0232326266530576,-0.0413028952926435,-0.0682560403717225,0.0199610930061872,-0.0552233799901711,-0.00122851376510697,0.0439345074512778,-0.0653902071270156,0.0127652577703454,0.0371025893401261,0.0389379236867941,-0.0270903998666451,-0.0350450460566365,0.00946994634107352,0.502666666666667,0.501333333333333,0.514666666666667,0.514666666666667,0.505333333333333,0.508,0.498666666666667,0.489333333333333,0.465333333333333,0.481333333333333,0.478666666666667,0.498666666666667,0.466666666666667,0.498666666666667,0.553333333333333,0.493333333333333,0.504,0.496,0.502666666666667,0.494666666666667,0.517333333333333,0.481333333333333,0.490666666666667,1,0.558666666666667,0.502666666666667,0.470666666666667,0.493333333333333,0.478666666666667,0.488,0.490666666666667,0.488,0.508,0.512,0.493333333333333,0.493333333333333,0.516,0.474666666666667,0.493333333333333,0.477333333333333,0.462666666666667,0.508,0.478666666666667,0.508,0.524,0.464,0.509333333333333,0.501333333333333,0.52,0.478666666666667,0.477333333333333,0.501333333333333,-0.0247448953282257,-0.0321103668975704,0.0524574090858886,0.000344934197865544,-0.0535622599538129,0.017279676799906,0.00661061685198498,-0.00997026679595286,0.0284241855251121,-0.00380270237872064,-0.044141259680437,-0.000975738328656135,0.0124950825630504,0.00447159777295791,-0.00964433221048379,0.00874815485301039,-0.00405602146319145,-0.00109999035381041,0.0298355655887643,-0.0143038169310401,-0.0406320577961162,0.0297711339433975,0.0404456299780995,1,-0.0286872484983203,0.0248308483723518,-0.0145408527479364,-0.00514466656404225,0.00319405351210057,-0.0356201181885362,-0.0557362388880177,-0.000485027187175798,0.00985924095063097,0.0189201302762488,-0.0115001440827978,-0.0231957843523845,0.0441035667180928,-0.0349339933060621,0.0285544887556099,0.0231163174998522,0.0108928787137327,-0.00331627876711641,-0.00488813983257476,0.0489744170484795,0.00602368233370514,-0.0306238001381272,0.000855188493418001,0.034879814449101,-0.0546054315219409,0.0442186918026381,0.0181361299129875,0.0290589742904313,0.48,0.48,0.529333333333333,0.508,0.470666666666667,0.509333333333333,0.501333333333333,0.497333333333333,0.521333333333333,0.502666666666667,0.48,0.513333333333333,0.5,0.509333333333333,0.496,0.508,0.496,0.496,0.521333333333333,0.488,0.478666666666667,0.517333333333333,0.526666666666667,1,0.484,0.514666666666667,0.488,0.494666666666667,0.514666666666667,0.481333333333333,0.466666666666667,0.494666666666667,0.502666666666667,0.516,0.486666666666667,0.489333333333333,0.530666666666667,0.482666666666667,0.509333333333333,0.517333333333333,0.502666666666667,0.494666666666667,0.493333333333333,0.526666666666667,0.502666666666667,0.486666666666667,0.508,0.524,0.46,0.524,0.505333333333333,0.516
"tul31",0.00603764049697165,0.00108107383487022,0.0131590323267498,0.0899523065570133,0.00681388802227342,0.028000997866909,0.00353640846641348,-0.00975028125409176,-0.00459618643895835,-0.0457529321587709,0.029164072145207,-0.0139199796835524,0.0187864975952236,-0.0124227909527544,0.0255340228941366,-0.0176834888669565,0.0163004569102467,0.0344650070300048,0.000593928527215855,0.0110525227349693,0.049923235107883,0.0325810964579031,0.0260303258445374,0.0975826124978401,1,-0.0325921942266248,-0.0332131957639425,0.0034628927321429,0.0251862582683557,-0.0326388948822646,-0.00380956830165859,0.00957336420817035,-0.00934607363137698,0.0572618134552679,0.0687881808377115,0.0164203694310692,0.0231721057194997,-0.0477578255934288,-0.0732327620006915,-0.0206358080537106,-0.0541400745319972,0.0375790135369959,-0.112204701014927,-0.0297094957922906,0.0461221129158945,-0.0455364242863522,0.0132024109723446,-0.00124885177857601,0.0285696543204733,-0.0628656524899641,-0.021575892693735,-0.0160304630346638,0.504,0.5,0.505333333333333,0.546666666666667,0.504,0.508,0.502666666666667,0.489333333333333,0.493333333333333,0.474666666666667,0.512,0.489333333333333,0.509333333333333,0.481333333333333,0.509333333333333,0.492,0.502666666666667,0.517333333333333,0.501333333333333,0.498666666666667,0.534666666666667,0.514666666666667,0.509333333333333,0.558666666666667,1,0.478666666666667,0.482666666666667,0.5,0.517333333333333,0.474666666666667,0.497333333333333,0.5,0.498666666666667,0.522666666666667,0.538666666666667,0.504,0.504,0.464,0.458666666666667,0.489333333333333,0.462666666666667,0.509333333333333,0.453333333333333,0.482666666666667,0.521333333333333,0.470666666666667,0.509333333333333,0.490666666666667,0.502666666666667,0.468,0.496,0.496,-0.0195062108812559,-0.0212046988108416,-0.0100777751165432,0.0361998475390554,0.0630396980882324,-0.0459399823996338,-0.0234329630301964,-0.0184188909409704,0.0113630967861874,-0.0514118467350472,-0.0456229814582976,-0.034831050099908,0.0189088126644444,0.0168178093507522,-0.0547595413371936,-0.0220185898293083,-0.0332372663055279,0.011074838312439,-0.00726798737732345,0.00554561715800067,-0.0348398576426201,-0.0284663955752327,-0.00575594289687607,-0.0286872484983203,1,0.0369463943007202,0.00870211224139891,0.00853104702112707,-0.0181991973919003,0.0713107494433328,-0.113090848988064,0.00437775024373644,0.0413366816229303,-0.00124487974760068,-0.0400655148282787,0.0335473159479997,0.0288204868918367,-0.00480250884921163,0.0015087172115086,0.0233150549798183,0.0141765819071554,0.0100032942669917,0.0152402870941796,-0.010479327269908,-0.0269507101971292,0.029401610504114,-0.0224417932953823,0.0230985762458401,0.0430758777734324,0.0427882448870552,0.0812566073421176,0.0310865127832713,0.497333333333333,0.485333333333333,0.489333333333333,0.521333333333333,0.533333333333333,0.470666666666667,0.484,0.492,0.508,0.472,0.476,0.48,0.501333333333333,0.516,0.474666666666667,0.474666666666667,0.485333333333333,0.505333333333333,0.496,0.509333333333333,0.48,0.484,0.496,0.484,1,0.525333333333333,0.512,0.496,0.488,0.549333333333333,0.434666666666667,0.514666666666667,0.526666666666667,0.490666666666667,0.482666666666667,0.518666666666667,0.510666666666667,0.5,0.496,0.509333333333333,0.504,0.505333333333333,0.501333333333333,0.490666666666667,0.489333333333333,0.52,0.493333333333333,0.52,0.530666666666667,0.516,0.548,0.510666666666667
"tul32",0.00790634918609946,0.067179635300237,0.0671947004804275,-0.0290731702969135,0.0448493109348939,0.0318458938168178,0.0266200861688746,0.00276784095715848,0.0949447842060497,-0.0295859500409527,0.00305575500192954,-0.00730748218743683,0.0522723212347443,-0.0364344165177269,0.00755427136332516,0.029756070491085,0.014294580145254,0.032849102468977,0.0507181198621335,-0.022616717375193,0.0108959644171307,0.00393064897830757,0.0360482574489682,0.00858453740453854,-0.0325921942266248,1,0.00853216383022472,0.0199280974928389,0.0754228078366488,-0.0133711081142653,-0.0348573710752572,0.0170076209517678,-0.0312467211091145,-0.0180736840686387,-0.0103558071673685,-0.0341021785201443,-0.0316847697645582,-0.0355128238817633,-0.0323646629606789,-0.0133380875144621,-0.0157217153381332,-0.0523526586842768,0.00479860018881949,-0.0555549355288836,0.0139227730229602,0.00560858716469503,-0.0459092099292546,0.027728938220151,0.0138270671434914,0.00730367996673974,0.00393999786712609,0.084102025305613,0.504,0.529333333333333,0.536,0.490666666666667,0.533333333333333,0.52,0.518666666666667,0.5,0.553333333333333,0.490666666666667,0.502666666666667,0.493333333333333,0.534666666666667,0.472,0.508,0.514666666666667,0.501333333333333,0.52,0.534666666666667,0.492,0.498666666666667,0.502666666666667,0.528,0.502666666666667,0.478666666666667,1,0.508,0.512,0.534666666666667,0.486666666666667,0.486666666666667,0.517333333333333,0.485333333333333,0.488,0.497333333333333,0.478666666666667,0.484,0.484,0.482666666666667,0.490666666666667,0.498666666666667,0.473333333333333,0.504,0.462666666666667,0.508,0.509333333333333,0.476,0.506666666666667,0.509333333333333,0.508,0.497333333333333,0.541333333333333,0.0148454942647087,0.0154866724587994,0.0251936674961673,0.0112713716864487,-0.0119229070302353,-0.00179020193846792,0.0657955302595513,0.0721873007502526,0.0819808609592756,0.0223090111758642,0.0341222921146109,-0.00262273446297982,0.00305344998374347,0.00592314406258205,0.0180214961701366,-0.0327867323105589,-0.0308485946608727,-0.0575912476151089,-0.0174050277295921,-0.0617860789618246,0.0100012038310442,0.0319826538162038,-0.0132561062419595,0.0248308483723518,0.0369463943007202,1,0.0549180920093023,0.0351925712719517,-0.0199215457234811,-0.0369169163608755,-0.0579728973415948,-0.000315323462061622,0.0552381151265235,-0.012674217303775,-0.0292355976974241,0.0314140898967834,-0.00538807608143646,-0.0103306662232871,0.00495195450081364,0.0546662814129419,-0.0263684543085019,0.0146213729217883,0.0260777866892817,0.0400601187430742,0.00453932839948736,-0.056249659124494,0.0130497244671187,0.0324582169571638,0.0512192638732602,-0.00679211054528754,-0.0379920921683243,-0.0486954449690614,0.506666666666667,0.504,0.512,0.493333333333333,0.482666666666667,0.493333333333333,0.545333333333333,0.54,0.548,0.512,0.518666666666667,0.509333333333333,0.496,0.505333333333333,0.508,0.482666666666667,0.486666666666667,0.464,0.493333333333333,0.464,0.506666666666667,0.517333333333333,0.493333333333333,0.514666666666667,0.525333333333333,1,0.518666666666667,0.525333333333333,0.489333333333333,0.486666666666667,0.472,0.5,0.532,0.498666666666667,0.492,0.509333333333333,0.496,0.497333333333333,0.493333333333333,0.518666666666667,0.484,0.504,0.512,0.52,0.508,0.465333333333333,0.508,0.521333333333333,0.533333333333333,0.505333333333333,0.473333333333333,0.476
"tul33",-0.0341979040525883,0.00906464037621208,0.0301765556616919,-0.00623073206577719,-0.0364160219011999,-0.0385053384335488,-0.0276185381300214,-0.053822637942284,0.127299125888058,-0.0630830397198555,-0.0201513599665669,0.0306094840372816,-0.00932186986159679,-0.0133836266195803,0.0314784137797462,-0.0587704995066681,-0.0440976781765873,-0.0242751235301564,-0.0413729235427964,-0.0256965542564609,0.0128119463690074,-0.00332660429485393,-0.0125234888431998,-0.0473282603840713,-0.0332131957639425,0.00853216383022472,1,0.0743269559935461,0.0376024652005193,0.018436296153275,0.0226062097270348,-0.0591843493202621,0.0108986380235888,-0.0424417034993746,0.0664608613869309,-0.00529602037890249,0.0279288725368241,-0.0271928473959267,0.0406347757897128,-0.0101528943518814,-0.0162590084265235,0.0139599976898472,-0.0174616900442787,-0.0158666776937499,-0.0230944231273908,0.0443081430390651,-0.00299347223106327,0.0205087260492376,-0.0413024337192888,0.0340963568279722,-0.0254152988449036,0.0166150941633754,0.481333333333333,0.498666666666667,0.522666666666667,0.494666666666667,0.476,0.481333333333333,0.476,0.476,0.573333333333333,0.472,0.489333333333333,0.516,0.490666666666667,0.497333333333333,0.518666666666667,0.466666666666667,0.484,0.484,0.472,0.494666666666667,0.501333333333333,0.498666666666667,0.493333333333333,0.470666666666667,0.482666666666667,0.508,1,0.534666666666667,0.514666666666667,0.513333333333333,0.512,0.464,0.510666666666667,0.477333333333333,0.536,0.501333333333333,0.512,0.477333333333333,0.524,0.489333333333333,0.489333333333333,0.509333333333333,0.493333333333333,0.505333333333333,0.481333333333333,0.537333333333333,0.506666666666667,0.509333333333333,0.470666666666667,0.513333333333333,0.485333333333333,0.506666666666667,0.0491992366077143,-0.0176826050874224,0.0193156577386421,0.0508895859974264,0.000563493063237419,0.0170763524536835,0.0422558273349685,0.0765514033324914,0.0949116669609834,0.00383375514848652,0.0339606014189281,-0.00136838152572337,0.040762132169269,0.0257601470624884,-0.00776702819532321,0.027901448271859,-0.00473257607299193,0.00441029985148599,0.00646107719710453,-0.0126284987604385,-0.0347465244594874,0.0168334210026734,-0.0137241062422974,-0.0145408527479364,0.00870211224139891,0.0549180920093022,1,0.0580178148088689,-0.0355526424458008,-0.00575736977504858,-0.061870509427498,-0.0283481590902638,0.0163677724289814,-0.0114875339017984,-0.0554867166130974,-0.00888754964834423,-0.0207486899257421,0.00629633825062713,0.0101665818137574,0.0051963994583579,-0.0444675209933005,-0.00988515987069042,-0.00886321095272307,0.00516638554308523,-0.0129778582065403,-0.023285961326776,0.00465860548976925,-0.0033842427825454,0.0569278582717302,0.0112015449780613,-0.0446033426371804,-0.0100226114719865,0.534666666666667,0.484,0.510666666666667,0.524,0.501333333333333,0.504,0.513333333333333,0.537333333333333,0.536,0.509333333333333,0.52,0.497333333333333,0.516,0.528,0.505333333333333,0.510666666666667,0.5,0.501333333333333,0.505333333333333,0.501333333333333,0.481333333333333,0.502666666666667,0.492,0.488,0.512,0.518666666666667,1,0.529333333333333,0.478666666666667,0.484,0.465333333333333,0.48,0.502666666666667,0.496,0.465333333333333,0.501333333333333,0.494666666666667,0.506666666666667,0.501333333333333,0.504,0.469333333333333,0.481333333333333,0.486666666666667,0.506666666666667,0.5,0.486666666666667,0.496,0.5,0.538666666666667,0.505333333333333,0.482666666666667,0.493333333333333
"tul34",-0.0313202974392011,0.0365783439260861,0.0333151922765387,-0.00676546453102011,0.0530688291434891,-0.0152833748436708,0.00628957516815033,-0.0545855745099456,0.0204705401633032,-0.00815976555099818,0.019036181083096,0.0133045631504294,-0.0143923153454907,-0.00592072344131044,-0.0444937768446146,-0.00831946884014483,0.0152210950377191,0.0315954981768327,-0.0432115482407892,0.0516533139769623,0.0185874016584348,-0.024399978408576,0.0286056781092058,-4.30163033420843e-05,0.0034628927321429,0.0199280974928389,0.0743269559935461,1,0.0416840933578114,-0.00388104064505282,-0.0430142315083344,0.0171197049936276,-0.0335704414317164,0.0123703000132879,-0.0368580200674737,0.0182039930129935,0.00405711219775183,0.0115764960098815,-0.0591091651995248,0.00311556100107012,0.0263781585536265,0.00559995199003702,-0.0330329956983035,-0.0624923316129435,-0.0569314052282535,-0.00759450847956274,-0.0159876023756505,-0.0336930689700786,0.0250496864209346,0.0420409066194557,0.0202488444118777,0.119069775145049,0.476,0.517333333333333,0.517333333333333,0.493333333333333,0.537333333333333,0.485333333333333,0.506666666666667,0.464,0.509333333333333,0.492,0.512,0.505333333333333,0.489333333333333,0.501333333333333,0.477333333333333,0.502666666666667,0.509333333333333,0.524,0.474666666666667,0.529333333333333,0.509333333333333,0.490666666666667,0.516,0.493333333333333,0.5,0.512,0.534666666666667,1,0.518666666666667,0.489333333333333,0.477333333333333,0.506666666666667,0.485333333333333,0.513333333333333,0.48,0.516,0.505333333333333,0.505333333333333,0.462666666666667,0.502666666666667,0.516,0.510666666666667,0.486666666666667,0.46,0.474666666666667,0.5,0.494666666666667,0.476,0.516,0.52,0.501333333333333,0.565333333333333,0.0344960772217192,-0.0317597156076468,0.0507778438954694,0.0170302844501412,0.0682869336927648,-0.0507254136259471,-0.0268005899666771,-0.0233536823791492,0.0484232111172194,-0.014098767442029,-0.04142865955913,0.0608851589529691,0.00164357703993244,-0.0150054667101522,0.00608360876899817,0.0774946856259283,-0.0316230126653361,0.00759913173576001,-0.0168239525495893,0.0187353217459986,0.0104465649865298,-0.0195490983634871,-0.00729496709939291,-0.00514466656404225,0.00853104702112706,0.0351925712719517,0.0580178148088689,1,-0.000315050357184269,-0.0296926044192212,-0.0291344410846794,-0.0613363180192878,-0.0063649879559829,0.0563689632753189,-0.0380818822347696,-0.0263375605624628,0.00392211716003421,0.0124692365468042,-0.00400425517570859,0.0142727889335115,-0.0262671910754748,0.0193263342248093,0.0200808574078527,-0.0131334010078111,-0.0480612780842552,0.0441002915309951,-0.0148074957574534,-0.00299589282930756,0.0611111416409961,-0.0692966587753781,-0.0348697492399331,0.0269735614952374,0.526666666666667,0.486666666666667,0.521333333333333,0.508,0.530666666666667,0.470666666666667,0.474666666666667,0.484,0.525333333333333,0.489333333333333,0.473333333333333,0.537333333333333,0.497333333333333,0.489333333333333,0.506666666666667,0.537333333333333,0.489333333333333,0.502666666666667,0.489333333333333,0.506666666666667,0.513333333333333,0.482666666666667,0.492,0.494666666666667,0.496,0.525333333333333,0.529333333333333,1,0.494666666666667,0.474666666666667,0.482666666666667,0.469333333333333,0.5,0.524,0.469333333333333,0.484,0.501333333333333,0.506666666666667,0.494666666666667,0.518666666666667,0.489333333333333,0.512,0.52,0.496,0.476,0.526666666666667,0.492,0.496,0.536,0.46,0.474666666666667,0.524
"tul35",0.0142216104136677,0.0670124303373862,0.032225517650263,0.105505881291129,-0.00856207926704362,-0.00189050453310535,0.00454420576030855,0.0362779992611107,0.0477103019846856,0.00996724143645283,0.0157339380657346,0.0386587207712993,-0.0278539757833071,0.00834658320818568,-0.0202303540730708,-0.0395146652904835,-0.00139145748930541,-0.00281777833390492,-0.0062999567198463,0.010191906875119,0.0126444800815569,-0.0677605638418152,0.0366054930237716,-0.0295979434700634,0.0251862582683557,0.0754228078366488,0.0376024652005193,0.0416840933578114,1,-0.00325734812923805,-0.0157357495105792,-0.0639117553677764,-0.00355078612868787,0.0139054458522233,0.00103477466193168,0.00978736366853582,-0.0318882854310275,-0.0122328546522343,-0.037980385223587,0.00268379120424551,0.00122288140601848,-0.0389982183288975,0.00166471936319005,-0.0105264515148628,0.0065821427951642,0.024268123016367,0.039061914705883,-0.0698280401383475,0.0264229425371787,0.0273532723385296,0.0372192715366396,0.0639374069684404,0.513333333333333,0.534666666666667,0.516,0.557333333333333,0.497333333333333,0.5,0.493333333333333,0.512,0.530666666666667,0.516,0.512,0.525333333333333,0.486666666666667,0.510666666666667,0.488,0.478666666666667,0.501333333333333,0.493333333333333,0.501333333333333,0.498666666666667,0.505333333333333,0.456,0.526666666666667,0.478666666666667,0.517333333333333,0.534666666666667,0.514666666666667,0.518666666666667,1,0.496,0.485333333333333,0.458666666666667,0.496,0.496,0.508,0.505333333333333,0.481333333333333,0.501333333333333,0.476,0.508,0.509333333333333,0.476,0.506666666666667,0.488,0.501333333333333,0.52,0.518666666666667,0.464,0.508,0.518666666666667,0.513333333333333,0.536,0.0241706521335754,-0.0117462980611152,0.0343737862924448,-0.0314906013964804,0.0434469425011194,-0.0126605695891868,0.0266848265806749,-0.0187435073553343,0.0235311597832035,0.0231264820057529,0.0269371601301064,-0.0074934058320921,0.0280216539093403,0.0133770756507952,0.0375757273656002,-0.0145973887757458,0.0727879101237095,-0.00874984329504991,-0.00685917280566524,-0.059912366669051,0.00270746829948694,-0.028380792890109,-0.0133231100309787,0.00319405351210057,-0.0181991973919003,-0.0199215457234811,-0.0355526424458008,-0.00031505035718427,1,0.0319029305894917,0.0260144931868996,-0.00478697001419388,0.0347400873206522,0.021197740604667,-0.00288416997287392,-0.00509330078989153,-0.057254401716539,0.00119377106752888,-0.015228973728372,0.0118925912598826,0.0521446095882532,-0.00405629892461705,0.0070146196489737,-0.0126607989295027,-0.00898874176079121,-0.0200338902137058,-0.0442411823689534,-0.00688853588727531,-0.017976020377711,0.0136704944942343,-0.0439930165498715,0.0374735287238515,0.517333333333333,0.502666666666667,0.521333333333333,0.473333333333333,0.514666666666667,0.492,0.516,0.489333333333333,0.512,0.517333333333333,0.518666666666667,0.497333333333333,0.521333333333333,0.509333333333333,0.526666666666667,0.492,0.529333333333333,0.489333333333333,0.490666666666667,0.472,0.5,0.497333333333333,0.5,0.514666666666667,0.488,0.489333333333333,0.478666666666667,0.494666666666667,1,0.517333333333333,0.517333333333333,0.489333333333333,0.525333333333333,0.504,0.498666666666667,0.498666666666667,0.468,0.490666666666667,0.489333333333333,0.505333333333333,0.522666666666667,0.496,0.490666666666667,0.490666666666667,0.496,0.489333333333333,0.48,0.494666666666667,0.482666666666667,0.505333333333333,0.476,0.513333333333333
"tul36",-0.00406673976830308,0.0623838510952115,0.0228284910734263,-0.0365491918270603,-0.0179513489639342,-0.00900128779778341,0.0132137267130076,-0.0179029043001029,-0.0498009225144021,0.0238202532923592,-0.00399253738863054,0.0279888341051894,-0.0461145769858975,0.00247154247517842,-0.0673520399293689,0.0300100809018769,-0.0340742371087125,-0.108432958001814,-0.0363637033146223,0.0033117173156795,-0.00479665988864123,-0.109209099346235,0.0827643747970004,-0.0297704547335837,-0.0326388948822646,-0.0133711081142653,0.018436296153275,-0.00388104064505282,-0.00325734812923805,1,0.0706635949438599,0.0429614611032274,0.0565652392610992,-0.0614982350963621,0.00342244070155765,0.0945311919652903,0.0539974716354753,0.0589490977271944,0.0534410485267057,0.108721769006432,0.0456076991600742,-0.00995220588401363,0.0741684419632417,0.0685748755677915,-0.0927966234109336,0.019392507578189,0.0460378924209534,-0.00283138361719002,-0.0867413081275371,0.046379537334972,0.0318928508462476,-0.0590178067683674,0.497333333333333,0.553333333333333,0.514666666666667,0.482666666666667,0.488,0.494666666666667,0.517333333333333,0.496,0.474666666666667,0.514666666666667,0.5,0.516,0.478666666666667,0.497333333333333,0.462666666666667,0.518666666666667,0.484,0.441333333333333,0.477333333333333,0.509333333333333,0.493333333333333,0.445333333333333,0.546666666666667,0.488,0.474666666666667,0.486666666666667,0.513333333333333,0.489333333333333,0.496,1,0.54,0.536,0.530666666666667,0.464,0.496,0.556,0.524,0.536,0.529333333333333,0.564,0.528,0.494666666666667,0.54,0.544,0.449333333333333,0.510666666666667,0.52,0.494666666666667,0.454666666666667,0.534666666666667,0.513333333333333,0.469333333333333,-0.00716029106891616,-0.0808621568035727,-0.00157858528954048,-0.00401429780166008,-0.0137689241500052,-0.0134433775510123,0.0448814589943301,-0.0199461379749109,-0.0177485824600371,-0.0103810275219673,0.0221892624385243,0.00837578185900121,-0.00125426821646723,0.0459519649085103,-0.0690096611816198,-0.0526389315096044,0.0461351606294942,-0.0132765309239221,-0.0496037832940111,0.01553553008604,0.0120387053280639,-0.0448241004035399,0.0155047361482884,-0.0356201181885362,0.0713107494433328,-0.0369169163608755,-0.00575736977504858,-0.0296926044192212,0.0319029305894917,1,-0.0288654340660641,-0.0239724604152375,0.0156512791385134,0.0347968382494702,-0.0234572696935909,-0.0264205828579673,-0.0143056622653857,0.019541089795851,0.00637271782307957,-0.0132660475019559,-0.0184496194350177,-0.0124677471059314,0.0163610648366086,0.0617549581759758,-0.027002730850574,0.0154137382212921,-0.0181403631058025,-0.0164183066544329,0.0272056776637773,-0.0154623502345415,0.0448145687226359,-0.00863993364121978,0.493333333333333,0.462666666666667,0.497333333333333,0.501333333333333,0.488,0.497333333333333,0.528,0.489333333333333,0.484,0.497333333333333,0.501333333333333,0.509333333333333,0.505333333333333,0.521333333333333,0.462666666666667,0.477333333333333,0.517333333333333,0.485333333333333,0.473333333333333,0.509333333333333,0.510666666666667,0.473333333333333,0.510666666666667,0.481333333333333,0.549333333333333,0.486666666666667,0.484,0.474666666666667,0.517333333333333,1,0.474666666666667,0.496,0.509333333333333,0.522666666666667,0.488,0.489333333333333,0.490666666666667,0.516,0.497333333333333,0.496,0.489333333333333,0.494666666666667,0.505333333333333,0.529333333333333,0.498666666666667,0.509333333333333,0.486666666666667,0.493333333333333,0.517333333333333,0.493333333333333,0.522666666666667,0.493333333333333
"tul37",-0.0117623294939872,-0.00975619316361352,0.00189720783193749,0.0535221755519837,-0.0318578809610688,-0.0513816063372001,-0.0520305406575684,0.0215103731483439,-0.00849522717196078,0.044896191691625,-0.0515167000979206,-0.00788214167925689,0.0118297156012184,0.0325695730711473,-0.0275663186875364,-0.0161163035773668,-0.00401310270631558,-0.0285342470504816,-0.0200800659445203,-0.0148872371908516,0.0286610773733551,-0.037650029375623,0.0216187005609906,-0.0231536276002155,-0.00380956830165859,-0.0348573710752572,0.0226062097270348,-0.0430142315083344,-0.0157357495105792,0.0706635949438599,1,0.0704093013636206,0.088902564094013,-0.0982484520225605,0.0290687268627102,0.0784281806560674,-0.000132751318043299,0.0295070155402503,0.101671422112565,0.0685062571185508,0.0629198654953079,0.0644164267870825,0.0630469155907183,0.0456491963370677,-0.090673274066434,0.0796261425262313,0.006160125366101,-0.0414771866026147,-0.0635621202646344,-0.0650500672482813,-0.025234709613172,-0.0121619513583788,0.485333333333333,0.497333333333333,0.502666666666667,0.518666666666667,0.482666666666667,0.469333333333333,0.464,0.512,0.492,0.528,0.470666666666667,0.5,0.510666666666667,0.514666666666667,0.492,0.485333333333333,0.501333333333333,0.493333333333333,0.501333333333333,0.496,0.514666666666667,0.486666666666667,0.52,0.490666666666667,0.497333333333333,0.486666666666667,0.512,0.477333333333333,0.485333333333333,0.54,1,0.537333333333333,0.553333333333333,0.449333333333333,0.521333333333333,0.550666666666667,0.496,0.512,0.561333333333333,0.534666666666667,0.528,0.542666666666667,0.541333333333333,0.524,0.444,0.549333333333333,0.501333333333333,0.477333333333333,0.46,0.458666666666667,0.48,0.497333333333333,-0.0183044197982827,0.0716652099475993,0.0386335773384418,-0.0118021056433501,-0.00902812949717099,-0.0454910102993156,0.00110087550049877,-0.0137403117823621,-0.0853599520806465,-0.0138885770674373,-0.027551613034632,0.0390275884487492,-0.0337834127712853,0.0508787394546011,-0.00748998800312083,0.00394466272467951,0.0448003774710334,-0.0247126016956873,0.0108834182451269,-0.00413390152575411,-0.0427473209407378,-0.00334890202041084,-0.0103656324574612,-0.0557362388880177,-0.113090848988064,-0.0579728973415948,-0.061870509427498,-0.0291344410846794,0.0260144931868996,-0.0288654340660641,1,-0.00730250231862985,-0.0277947188316517,0.02503815056329,-0.0408191245391737,0.00737564131413854,-0.0124910481037027,-0.0358591650624879,0.0306726436706648,-0.0456184607078667,-0.0129440575327952,-0.0111845839842136,-0.00757835660015385,0.00952431158645435,-0.00856558907971537,-0.041708527402459,0.0139465379689865,-0.00340642403468314,0.00122702365463694,0.0543752533699584,-0.0108311272561916,-0.0127762908456687,0.488,0.537333333333333,0.513333333333333,0.497333333333333,0.496,0.48,0.506666666666667,0.489333333333333,0.445333333333333,0.494666666666667,0.493333333333333,0.512,0.478666666666667,0.532,0.5,0.510666666666667,0.521333333333333,0.492,0.502666666666667,0.493333333333333,0.48,0.497333333333333,0.506666666666667,0.466666666666667,0.434666666666667,0.472,0.465333333333333,0.482666666666667,0.517333333333333,0.474666666666667,1,0.493333333333333,0.492,0.517333333333333,0.472,0.492,0.5,0.473333333333333,0.510666666666667,0.477333333333333,0.504,0.494666666666667,0.504,0.493333333333333,0.494666666666667,0.484,0.504,0.505333333333333,0.5,0.529333333333333,0.493333333333333,0.493333333333333
"tul38",-0.0195410713429279,-0.0263566530239362,-0.00856873635918609,-0.00775194115719532,-0.0855553409596424,0.0119871578522275,0.0183020370022459,0.0149778377254212,-0.0741925688362705,0.0532127844661585,-0.00584490957676876,-0.073496550193634,0.0177670192034857,-0.020340145103747,-0.0132961080181452,-0.017594768116597,0.0146600941377474,-0.0740702436775944,-0.0767866864424508,0.0167785778753993,-0.0101809088478694,-0.0613432779334587,-5.2416098348324e-05,-0.0220143183893599,0.00957336420817035,0.0170076209517678,-0.0591843493202621,0.0171197049936276,-0.0639117553677764,0.0429614611032274,0.0704093013636206,1,0.0469509131440951,-0.0705181885223425,0.000580804140434495,0.0450516758310497,-0.0280319360463596,0.043899304257702,0.0475663798338156,0.0608399058092793,0.0730170949284697,0.0325626285026082,-0.00363425226676282,0.0573859333900653,-0.096001814023672,0.0229074223500379,0.0673900092014674,0.0535069305094658,-0.0792950978179899,-0.0387441402873387,-0.0246819284632067,-0.00785537312168596,0.494666666666667,0.485333333333333,0.485333333333333,0.489333333333333,0.453333333333333,0.516,0.497333333333333,0.502666666666667,0.461333333333333,0.526666666666667,0.492,0.456,0.513333333333333,0.481333333333333,0.502666666666667,0.501333333333333,0.516,0.464,0.448,0.509333333333333,0.505333333333333,0.457333333333333,0.498666666666667,0.488,0.5,0.517333333333333,0.464,0.506666666666667,0.458666666666667,0.536,0.537333333333333,1,0.528,0.473333333333333,0.496,0.529333333333333,0.481333333333333,0.525333333333333,0.537333333333333,0.529333333333333,0.541333333333333,0.517333333333333,0.5,0.522666666666667,0.453333333333333,0.512,0.544,0.528,0.464,0.478666666666667,0.48,0.497333333333333,0.0135073704195309,-0.00905225533883986,0.00451045970830645,0.00310270387902015,0.0350876191517501,-0.00878690371293224,0.0296558951546315,-0.0212684869556331,-0.0531142502084723,-0.0140060390559056,0.00572629236846927,-0.00937488367327627,0.0183401354961127,-0.0306227307128318,-0.00477263675600475,-0.0170456799817054,-0.0176482122473716,-0.0361801840942146,-0.0296129268556423,-0.0234107653998287,0.0118517571921967,0.00141885249700083,-0.0409458513434193,-0.0004850271871758,0.00437775024373644,-0.000315323462061625,-0.0283481590902638,-0.0613363180192878,-0.00478697001419387,-0.0239724604152375,-0.00730250231862986,1,-0.00102373410189728,-0.10219987409884,0.0663981514833438,0.0121390897690597,-0.00553336798105134,-0.0239876735595233,0.0660656827545182,0.0194228069673423,-0.0268741287399211,-0.0482616209807399,0.00363211872439965,0.00331674565811061,0.00648710810319358,-0.0254828178071234,-0.00952508907160517,-0.0479085207823776,-0.022187191006516,0.00823993776165464,0.00270762543927375,-0.0418537412732772,0.505333333333333,0.489333333333333,0.505333333333333,0.498666666666667,0.512,0.497333333333333,0.516,0.488,0.476,0.493333333333333,0.504,0.502666666666667,0.514666666666667,0.478666666666667,0.496,0.485333333333333,0.490666666666667,0.48,0.481333333333333,0.486666666666667,0.502666666666667,0.505333333333333,0.476,0.494666666666667,0.514666666666667,0.5,0.48,0.469333333333333,0.489333333333333,0.496,0.493333333333333,1,0.501333333333333,0.44,0.538666666666667,0.502666666666667,0.493333333333333,0.482666666666667,0.538666666666667,0.517333333333333,0.477333333333333,0.468,0.510666666666667,0.504,0.504,0.486666666666667,0.494666666666667,0.474666666666667,0.494666666666667,0.506666666666667,0.496,0.473333333333333
"tul39",0.0391288614982944,-0.00252110526894538,-0.0250251843541528,-0.00480048198891152,-0.0512693599615813,-0.0550452486393998,-0.018351955760877,-0.0186202811331388,-0.0386872607767511,-0.053694219076901,0.0207844273794056,-5.75592817526369e-05,-0.0414598389971683,-0.0259933717119533,0.0347900477374504,-0.017594673930363,-0.0485186568245218,-0.0691102268720723,-0.0391694073944583,-0.0210987138723029,-0.0141092960335234,-0.0837714873769395,-0.0147180924708843,0.00752875586173674,-0.00934607363137698,-0.0312467211091145,0.0108986380235888,-0.0335704414317164,-0.00355078612868787,0.0565652392610992,0.088902564094013,0.0469509131440951,1,-0.0789113272784885,-0.00596784121700294,0.063324542920475,-0.0180835911030713,0.0520924139650915,0.0989724193303932,0.0720207374871189,0.0511375086345097,0.05563487226788,0.089181260959837,0.0801483670510984,-0.103720686925918,0.0640904439473383,0.00993280101897486,0.0336958758704828,-0.0662488651698647,-0.00111168866938622,0.0256471727155133,-0.00793788295864299,0.52,0.5,0.485333333333333,0.502666666666667,0.472,0.469333333333333,0.496,0.496,0.472,0.464,0.512,0.5,0.473333333333333,0.490666666666667,0.518666666666667,0.488,0.468,0.462666666666667,0.48,0.478666666666667,0.489333333333333,0.448,0.496,0.508,0.498666666666667,0.485333333333333,0.510666666666667,0.485333333333333,0.496,0.530666666666667,0.553333333333333,0.528,1,0.464,0.504,0.537333333333333,0.482666666666667,0.530666666666667,0.553333333333333,0.541333333333333,0.522666666666667,0.524,0.556,0.548,0.449333333333333,0.542666666666667,0.513333333333333,0.521333333333333,0.472,0.498666666666667,0.505333333333333,0.494666666666667,0.0301876323543115,0.0142614271601943,-0.0184237879402208,0.00286343629446388,0.00440700981446846,-0.0526093886849807,-0.00865751330502697,-0.0426408209679999,-0.0338558706223264,0.0127898117587662,-0.014160244541537,0.00916926388484765,-0.0354606177380567,0.0244851918862749,0.0555920424188381,0.00162767063667641,0.00810633199364931,0.00138370488942372,-0.0172889467076065,0.0397145671709405,-0.015173913924194,0.0118328796396723,0.0238935738355505,0.00985924095063097,0.0413366816229303,0.0552381151265235,0.0163677724289814,-0.0063649879559829,0.0347400873206522,0.0156512791385134,-0.0277947188316517,-0.00102373410189728,1,-0.0119174477382773,-0.0349157478016448,0.00394172386959805,-0.0201910394194021,-0.00962504036971335,0.00481329280189813,0.0062817383839305,-0.0120511898933225,0.036675439649331,0.0620367594918268,0.0600247325403272,0.0392330970030346,-0.0116044794595773,0.0324127117456303,-0.04156539373662,0.00536988947357494,-0.0217719885524389,-0.0566365185677104,-0.0129388239652601,0.518666666666667,0.506666666666667,0.488,0.501333333333333,0.504,0.462666666666667,0.489333333333333,0.477333333333333,0.488,0.504,0.486666666666667,0.508,0.482666666666667,0.514666666666667,0.532,0.492,0.514666666666667,0.504,0.493333333333333,0.517333333333333,0.492,0.510666666666667,0.516,0.502666666666667,0.526666666666667,0.532,0.502666666666667,0.5,0.525333333333333,0.509333333333333,0.492,0.501333333333333,1,0.498666666666667,0.484,0.506666666666667,0.489333333333333,0.492,0.5,0.5,0.496,0.525333333333333,0.54,0.525333333333333,0.517333333333333,0.490666666666667,0.52,0.476,0.505333333333333,0.489333333333333,0.474666666666667,0.492
"tul4",0.0538878779500569,0.0298887755816416,-0.0158683327896148,0.0117200967644887,-0.033565641629041,0.053083857200652,-0.0203385414166208,-0.0358624465664238,0.0336787991063766,-0.137453233953022,0.065484422519764,-0.00557531151787905,0.0387213929283499,0.00214425324049324,-0.000444901888238975,0.0133993442036824,0.14149002926154,0.271789723361989,0.190712399597197,-0.0767415338211973,0.113194619805036,0.158349892927618,-0.0373020828371112,0.0239972196674969,0.0572618134552679,-0.0180736840686387,-0.0424417034993746,0.0123703000132879,0.0139054458522233,-0.0614982350963621,-0.0982484520225605,-0.0705181885223425,-0.0789113272784885,1,-0.0628451291425952,-0.0633303833748942,-0.036947454496824,-0.101835808011373,-0.105683654091581,-0.147300595083009,-0.158157951783809,-0.0274094810151117,-0.0722160555444502,-0.141404357743174,0.37411867082174,-0.106605523473918,0.00115332406928379,0.030389990011728,0.333074227995541,-0.050844815425944,0.00323519491059644,-0.0254458305937053,0.526666666666667,0.512,0.490666666666667,0.510666666666667,0.488,0.532,0.481333333333333,0.481333333333333,0.522666666666667,0.428,0.54,0.494666666666667,0.518666666666667,0.508,0.5,0.504,0.578666666666667,0.642666666666667,0.6,0.450666666666667,0.568,0.585333333333333,0.48,0.512,0.522666666666667,0.488,0.477333333333333,0.513333333333333,0.496,0.464,0.449333333333333,0.473333333333333,0.464,1,0.466666666666667,0.473333333333333,0.482666666666667,0.450666666666667,0.444,0.422666666666667,0.405333333333333,0.476,0.462666666666667,0.417333333333333,0.684,0.448,0.506666666666667,0.524,0.666666666666667,0.468,0.498666666666667,0.488,0.0126891726845125,0.0356298048151532,-0.0246571042426783,-0.000552026006284691,-0.0146547818148665,0.0061090060313051,-0.0431337777315541,0.00667125037965645,-0.0140187280517927,-0.0682133928598931,-0.0203897137753373,0.0143716998190536,0.00963634952291534,-0.00854407949794868,0.00271148834893482,-0.0223973139645621,-0.00946375704675317,-0.0382392747696821,-0.0621484402384082,0.0360332223437774,-0.00918305991245964,-0.0871946368532258,0.0712849642885531,0.0189201302762488,-0.00124487974760068,-0.012674217303775,-0.0114875339017984,0.0563689632753189,0.021197740604667,0.0347968382494702,0.02503815056329,-0.10219987409884,-0.0119174477382773,1,0.0241904114024323,-0.0303868878579246,0.019442635579224,-0.061213099927646,0.00121433733899187,-0.0152054479776698,0.010260486251261,-0.0209380516293297,-0.0566981535726691,0.00795362496476684,0.0662485162899519,0.0100527830114373,-0.0278672468136636,0.00697404915108692,0.108178494293381,0.0290806491205152,-0.00462313671607007,-0.0172183053162886,0.512,0.529333333333333,0.489333333333333,0.504,0.508,0.504,0.48,0.506666666666667,0.490666666666667,0.456,0.493333333333333,0.504,0.514666666666667,0.493333333333333,0.5,0.498666666666667,0.501333333333333,0.488,0.462666666666667,0.516,0.494666666666667,0.46,0.546666666666667,0.516,0.490666666666667,0.498666666666667,0.496,0.524,0.504,0.522666666666667,0.517333333333333,0.44,0.498666666666667,1,0.509333333333333,0.478666666666667,0.513333333333333,0.465333333333333,0.5,0.493333333333333,0.506666666666667,0.481333333333333,0.461333333333333,0.505333333333333,0.533333333333333,0.489333333333333,0.477333333333333,0.504,0.557333333333333,0.510666666666667,0.494666666666667,0.494666666666667
"tul40",0.0468477429519052,0.00957430074286086,-0.0243939944213989,0.00117388995162949,-0.049392730504003,-0.0404504111571379,-0.0337091357420227,-0.0259513218160664,-0.00958128347518491,0.0371016063328304,-0.0270207444377274,0.0335652344554992,0.0198493791046143,0.00863284956292788,-0.0135624003855497,0.0235946487058957,-0.0415320766362918,-0.11492682273795,-0.0521323299007903,-0.0586686102573185,-0.0573286089485917,-0.0368366520410121,0.00732928105527252,-0.00017108187495149,0.0687881808377115,-0.0103558071673685,0.0664608613869309,-0.0368580200674737,0.00103477466193168,0.00342244070155765,0.0290687268627102,0.000580804140434495,-0.00596784121700293,-0.0628451291425952,1,0.0714740961483396,0.0156603378657337,0.0641358979217861,0.0897818818443936,0.113408125451561,0.0714349556673608,0.0340732414055533,0.0753358772212535,0.0815879366180252,-0.170145958252215,0.0853278781971117,-0.0192592412883125,0.00714927586354069,-0.0726646931136086,-0.0496964477417895,-0.0403090710611031,-0.0308243986720723,0.52,0.509333333333333,0.484,0.506666666666667,0.468,0.486666666666667,0.48,0.490666666666667,0.489333333333333,0.525333333333333,0.48,0.518666666666667,0.506666666666667,0.502666666666667,0.484,0.514666666666667,0.470666666666667,0.437333333333333,0.485333333333333,0.458666666666667,0.470666666666667,0.488,0.508,0.493333333333333,0.538666666666667,0.497333333333333,0.536,0.48,0.508,0.496,0.521333333333333,0.496,0.504,0.466666666666667,1,0.536,0.504,0.54,0.549333333333333,0.553333333333333,0.542666666666667,0.517333333333333,0.542666666666667,0.548,0.402666666666667,0.538666666666667,0.488,0.501333333333333,0.465333333333333,0.473333333333333,0.481333333333333,0.484,-0.0402329076114222,0.0679004494845682,-0.00498918484210397,0.0236324316004619,-0.021526661809538,-0.0176656771040887,-0.036273199191373,-0.0169308594943692,-0.0169784975766547,-0.0460027379768301,0.0166315775998342,0.0135443784046157,-0.0284194653734855,-0.0199318071566416,-0.029974175187896,-0.0239084702774876,-0.00408235706885133,0.0264321101002305,0.0371545244681014,-0.0328818000618964,-0.0181504590746271,-0.00470186650635015,-0.0539575334362258,-0.0115001440827978,-0.0400655148282787,-0.0292355976974241,-0.0554867166130974,-0.0380818822347696,-0.00288416997287392,-0.0234572696935909,-0.0408191245391737,0.0663981514833438,-0.0349157478016448,0.0241904114024323,1,0.0408985779117319,0.124852575205508,-0.0409367035318714,-0.0194637527423157,0.00533358779855364,0.0943151645555779,-0.0252735594940856,-0.0371578919146527,0.0336783567548169,-0.0281029223933786,0.000893626573316625,-0.0100968699839406,0.0371878447597567,0.013225368834037,-0.00806694532732422,0.028899901654779,-0.00570660211295183,0.472,0.534666666666667,0.502666666666667,0.512,0.493333333333333,0.488,0.477333333333333,0.493333333333333,0.486666666666667,0.468,0.508,0.508,0.48,0.496,0.482666666666667,0.498666666666667,0.488,0.518666666666667,0.517333333333333,0.473333333333333,0.482666666666667,0.5,0.465333333333333,0.486666666666667,0.482666666666667,0.492,0.465333333333333,0.469333333333333,0.498666666666667,0.488,0.472,0.538666666666667,0.484,0.509333333333333,1,0.521333333333333,0.56,0.469333333333333,0.485333333333333,0.502666666666667,0.552,0.485333333333333,0.476,0.518666666666667,0.482666666666667,0.497333333333333,0.494666666666667,0.522666666666667,0.506666666666667,0.490666666666667,0.514666666666667,0.504
"tul41",-0.0237099132096501,0.0375533740095161,-0.0025051719752099,0.0305434579326699,0.00978682651767829,-0.0565451381649875,-0.04565532914036,-0.0396925213309464,-0.000856989147946038,-0.00580969416973062,-0.0249578415974028,0.0212680393104588,-0.0579850474514208,-0.0422638471321784,-0.065918761793677,-0.0718747461580688,-0.0182952025664778,-0.0725400767561898,-0.0438918608663166,0.0202675058093309,-0.0153683385720032,0.0185995924321062,0.0136686123064925,-0.0266394121028464,0.0164203694310692,-0.0341021785201443,-0.00529602037890249,0.0182039930129935,0.00978736366853582,0.0945311919652903,0.0784281806560674,0.0450516758310497,0.063324542920475,-0.0633303833748941,0.0714740961483396,1,0.00555167984085728,0.00321862511072821,0.0511579096536723,0.0501156964094193,0.0337201859192808,0.0303306899235496,0.0203709127807057,0.0733425726365824,-0.0723237367600667,0.0378652070022118,0.0106207375746233,-0.00504227934161408,-0.109107850020902,-0.0144355818214472,-0.0282357053103809,0.0572488927008962,0.476,0.513333333333333,0.506666666666667,0.524,0.506666666666667,0.465333333333333,0.468,0.473333333333333,0.501333333333333,0.498666666666667,0.48,0.508,0.468,0.477333333333333,0.465333333333333,0.468,0.490666666666667,0.449333333333333,0.469333333333333,0.512,0.494666666666667,0.513333333333333,0.509333333333333,0.493333333333333,0.504,0.478666666666667,0.501333333333333,0.516,0.505333333333333,0.556,0.550666666666667,0.529333333333333,0.537333333333333,0.473333333333333,0.536,1,0.502666666666667,0.509333333333333,0.52,0.52,0.52,0.522666666666667,0.513333333333333,0.537333333333333,0.46,0.514666666666667,0.497333333333333,0.497333333333333,0.445333333333333,0.493333333333333,0.488,0.54,0.0339759321247391,-0.00265693842196418,-0.0115674857346899,0.00502335671046174,-0.000187473457228173,0.0360659932998729,0.0833090457135917,0.0312784630180288,-0.0587463016300122,0.00228017293573546,0.000885157880097481,0.0104206043066586,0.0128391939997332,0.0414033548613317,0.00476515350431585,-0.0537817038625529,-0.0169989597863736,-0.0311576714520018,-0.120716160767512,-0.00660395982467064,-0.0163191012151053,-0.00942027014678394,0.0117788134125092,-0.0231957843523845,0.0335473159479997,0.0314140898967834,-0.00888754964834423,-0.0263375605624628,-0.00509330078989153,-0.0264205828579673,0.00737564131413853,0.0121390897690597,0.00394172386959806,-0.0303868878579246,0.0408985779117319,1,-0.0503894427683867,0.04992117012062,-0.00681438956809445,-0.0559961842896681,0.0572979257027568,-0.0150798445828618,0.0375756366349085,0.0579055785428164,0.00220239863564352,0.0259054354664565,0.0745382446330744,0.0673506329504988,0.0417441077844774,-0.0120719877274431,-0.0681888387329781,-0.0550512424534389,0.522666666666667,0.496,0.498666666666667,0.496,0.5,0.518666666666667,0.552,0.52,0.465333333333333,0.501333333333333,0.492,0.505333333333333,0.5,0.525333333333333,0.484,0.466666666666667,0.490666666666667,0.476,0.44,0.506666666666667,0.496,0.488,0.508,0.489333333333333,0.518666666666667,0.509333333333333,0.501333333333333,0.484,0.498666666666667,0.489333333333333,0.492,0.502666666666667,0.506666666666667,0.478666666666667,0.521333333333333,1,0.472,0.518666666666667,0.492,0.472,0.534666666666667,0.494666666666667,0.526666666666667,0.521333333333333,0.496,0.512,0.537333333333333,0.538666666666667,0.526666666666667,0.477333333333333,0.465333333333333,0.473333333333333
"tul42",-0.057960029677512,-0.00712540200464987,-0.00776195838704404,0.0506673781678582,0.0883622528196748,-0.0611377943932752,-0.0332205773628164,0.0103115045022338,-0.0587594190290691,-0.046536058028965,-0.0100764233207953,-0.0277084129018477,-0.0279236424647362,0.00246358235559098,0.00709401517095581,-0.0373080089557101,-0.000419709374161748,-0.0199372705116648,0.0171528352146005,0.0159066955281839,0.0176236836571003,-0.0013961506498916,0.0544010682283727,0.0203883524268704,0.0231721057194997,-0.0316847697645583,0.0279288725368241,0.00405711219775183,-0.0318882854310275,0.0539974716354753,-0.000132751318043302,-0.0280319360463596,-0.0180835911030713,-0.036947454496824,0.0156603378657337,0.00555167984085727,1,0.020950568722057,-0.0261573153085385,0.0133857692677108,0.0915466598239236,0.00422884533252417,0.00724483782308903,-0.0198376419968575,-0.0197903929915223,-0.00758146674783595,0.00196887325165118,-0.0118555918559315,-0.0240410611366058,-0.013343535582537,-0.0119392476588046,-0.00379885940909331,0.457333333333333,0.5,0.490666666666667,0.524,0.553333333333333,0.468,0.48,0.509333333333333,0.469333333333333,0.482666666666667,0.498666666666667,0.482666666666667,0.477333333333333,0.504,0.5,0.478666666666667,0.494666666666667,0.481333333333333,0.502666666666667,0.504,0.505333333333333,0.5,0.528,0.516,0.504,0.484,0.512,0.505333333333333,0.481333333333333,0.524,0.496,0.481333333333333,0.482666666666667,0.482666666666667,0.504,0.502666666666667,1,0.502666666666667,0.489333333333333,0.512,0.549333333333333,0.508,0.504,0.484,0.488,0.496,0.492,0.477333333333333,0.481333333333333,0.502666666666667,0.488,0.494666666666667,-0.0282210199394929,0.0112937986699225,-0.0779509153308375,-0.00136554164205006,-0.0400388874775198,-0.0791581073239517,-0.0295835897714138,0.000677942529523979,0.0234641204535739,-0.0012870505327881,-0.0638017390958358,0.0113647459791771,-0.049169272593984,0.0450873220285078,-0.00137471476694646,0.00112959490239579,-0.0255572718911236,0.0590875624598221,0.0326088101841509,-0.0144274272583924,0.0252349702613054,0.0302713920450467,-0.0266575020620118,0.0441035667180928,0.0288204868918367,-0.00538807608143646,-0.0207486899257421,0.00392211716003421,-0.057254401716539,-0.0143056622653857,-0.0124910481037027,-0.00553336798105133,-0.0201910394194021,0.019442635579224,0.124852575205508,-0.0503894427683867,1,0.00102875619033245,-0.0384634807721197,0.0102551493028938,-0.020328624524573,0.067509188698095,0.0312688442565222,0.0581887047896305,-0.00397868987487289,0.0387351745609745,-0.0132959603488475,-0.0122408383412231,0.0875351996249394,0.0361951321276497,0.0469789350265254,-0.0179058755293173,0.490666666666667,0.508,0.452,0.498666666666667,0.481333333333333,0.456,0.482666666666667,0.497333333333333,0.504,0.493333333333333,0.461333333333333,0.510666666666667,0.470666666666667,0.525333333333333,0.496,0.493333333333333,0.486666666666667,0.537333333333333,0.517333333333333,0.497333333333333,0.502666666666667,0.516,0.476,0.530666666666667,0.510666666666667,0.496,0.494666666666667,0.501333333333333,0.468,0.490666666666667,0.5,0.493333333333333,0.489333333333333,0.513333333333333,0.56,0.472,1,0.506666666666667,0.474666666666667,0.501333333333333,0.496,0.54,0.52,0.536,0.498666666666667,0.52,0.493333333333333,0.492,0.554666666666667,0.521333333333333,0.528,0.494666666666667
"tul43",-0.0615759814660813,-0.0467142662285509,-0.0384337052595227,-0.0429989287747967,0.0110812321491186,-0.0337715951440239,-0.00589085302096132,-0.0553719627420115,-0.0936193965377245,0.063411326893068,0.0326648378525828,-0.0160755804745059,-0.0521418512352459,-0.0299754698777512,0.00587219572778382,0.0453210219980728,-0.0889976975097239,-0.0824202484505333,-0.0932697939387962,-0.0131101435652162,-0.0537527924014836,-0.0326977187723137,0.00244470210476283,-0.0430862306161855,-0.0477578255934288,-0.0355128238817633,-0.0271928473959267,0.0115764960098815,-0.0122328546522343,0.0589490977271944,0.0295070155402503,0.043899304257702,0.0520924139650915,-0.101835808011373,0.0641358979217861,0.0032186251107282,0.020950568722057,1,0.0503872634902483,0.127675844467149,0.131925375675144,0.0343355728126609,0.0719011001569557,0.103637561197937,-0.0995281947747415,0.044914355975588,-0.0377095024129039,0.00682351106791721,-0.0867991900118154,-0.0270415475577449,-0.00337368583333576,-0.0557179575390155,0.453333333333333,0.476,0.478666666666667,0.482666666666667,0.501333333333333,0.482666666666667,0.504,0.466666666666667,0.453333333333333,0.537333333333333,0.512,0.488,0.469333333333333,0.485333333333333,0.501333333333333,0.516,0.457333333333333,0.457333333333333,0.452,0.493333333333333,0.474666666666667,0.477333333333333,0.506666666666667,0.474666666666667,0.464,0.484,0.477333333333333,0.505333333333333,0.501333333333333,0.536,0.512,0.525333333333333,0.530666666666667,0.450666666666667,0.54,0.509333333333333,0.502666666666667,1,0.524,0.574666666666667,0.569333333333333,0.522666666666667,0.536,0.554666666666667,0.446666666666667,0.532,0.48,0.512,0.456,0.485333333333333,0.496,0.468,-0.0397783436224836,0.0204676270588007,0.0194246678642639,0.004525097349516,0.0285079432122363,-0.0021041740260924,0.0471501002766734,0.0194085994086564,0.0243122685743003,-0.00123947518865402,0.0328978546917013,0.0223984095120926,-0.0119778570243156,-0.0260281398197807,-0.0379411798441322,0.00215806621230937,0.0828644698159266,0.0686764575126726,0.00988656200580625,0.0161693639558641,0.0417578469871995,-0.000486902577742091,-0.0204766782055426,-0.0349339933060621,-0.00480250884921163,-0.0103306662232871,0.00629633825062713,0.0124692365468042,0.00119377106752888,0.019541089795851,-0.0358591650624879,-0.0239876735595233,-0.00962504036971335,-0.061213099927646,-0.0409367035318714,0.04992117012062,0.00102875619033245,1,-0.0724411053607204,-0.0309155527819011,0.0325680524768001,-0.0128161587763668,0.00680658800843894,0.0205310695697228,-0.0215995995818744,-0.0335617547650379,0.0167914600626925,-0.0147015902359333,-0.0318647263987921,0.0219591906867318,-0.00244621955513117,0.0174231913970813,0.470666666666667,0.513333333333333,0.514666666666667,0.494666666666667,0.508,0.497333333333333,0.530666666666667,0.514666666666667,0.518666666666667,0.508,0.513333333333333,0.514666666666667,0.496,0.493333333333333,0.482666666666667,0.494666666666667,0.544,0.54,0.501333333333333,0.517333333333333,0.525333333333333,0.505333333333333,0.489333333333333,0.482666666666667,0.5,0.497333333333333,0.506666666666667,0.506666666666667,0.490666666666667,0.516,0.473333333333333,0.482666666666667,0.492,0.465333333333333,0.469333333333333,0.518666666666667,0.506666666666667,1,0.461333333333333,0.484,0.52,0.486666666666667,0.5,0.516,0.48,0.477333333333333,0.510666666666667,0.484,0.473333333333333,0.514666666666667,0.496,0.517333333333333
"tul44",0.0240666706254066,-0.0045407094084913,-0.00889764493794656,-0.0505731085395258,-0.0400563536086598,-0.0296502669683214,-0.00143349646218369,-0.0260908568875265,-0.0240287504459582,0.0472745828714975,0.0275923043379382,0.000875530343624598,0.0224550887262188,0.00163563578592615,-0.0412428154142181,-0.0541179069230626,0.0031618688847202,-0.113302103684697,-0.0469393290903422,0.00951514403715602,-0.0115393417923102,-0.0706657185664363,-0.0103072014973723,-0.0232326266530576,-0.0732327620006915,-0.0323646629606789,0.0406347757897128,-0.0591091651995248,-0.037980385223587,0.0534410485267057,0.101671422112565,0.0475663798338156,0.0989724193303932,-0.105683654091581,0.0897818818443936,0.0511579096536723,-0.0261573153085386,0.0503872634902483,1,0.076737314196026,0.0610131934363623,0.073502008532049,0.0661362012172354,0.0721946107653253,-0.163932598790236,0.144552403365119,-0.00214900095462039,0.0672694368412602,-0.0746319043669603,-0.0482050694548214,-0.073505888529016,-0.00401413615677555,0.52,0.502666666666667,0.493333333333333,0.476,0.469333333333333,0.48,0.5,0.481333333333333,0.486666666666667,0.528,0.516,0.492,0.513333333333333,0.506666666666667,0.473333333333333,0.465333333333333,0.508,0.441333333333333,0.466666666666667,0.498666666666667,0.494666666666667,0.465333333333333,0.501333333333333,0.493333333333333,0.458666666666667,0.482666666666667,0.524,0.462666666666667,0.476,0.529333333333333,0.561333333333333,0.537333333333333,0.553333333333333,0.444,0.549333333333333,0.52,0.489333333333333,0.524,1,0.537333333333333,0.526666666666667,0.546666666666667,0.533333333333333,0.533333333333333,0.42,0.578666666666667,0.497333333333333,0.536,0.468,0.478666666666667,0.461333333333333,0.498666666666667,-0.0123683806493633,-0.0237608966245656,-0.038324353320109,0.00359060605862529,0.0299372745915521,-0.0484821492602381,-0.00636314992939099,-0.04322054740684,-0.0104352282522635,-0.0202879395863416,0.00504102331609074,0.00802490814127898,-0.00876818200651869,0.0375263881284628,0.00180951381308015,0.00307941852390759,-0.0106236258037484,0.014030349952093,0.0117626428153124,-0.00608509286341974,-0.0435298047236735,0.0183037314989119,-0.00605584076682328,0.0285544887556099,0.00150871721150861,0.00495195450081363,0.0101665818137574,-0.00400425517570859,-0.015228973728372,0.00637271782307957,0.0306726436706648,0.0660656827545182,0.00481329280189813,0.00121433733899187,-0.0194637527423157,-0.00681438956809445,-0.0384634807721197,-0.0724411053607204,1,-0.0489648780689661,-0.0550140373947718,-0.0428496037305792,-0.0347927625372684,-0.00548349888618149,-0.0564988537353514,-0.0418738902418808,-0.045485402283019,0.0135130522201843,-0.106117141933801,-0.0428896389593529,0.00645005568889426,0.028978571846265,0.493333333333333,0.488,0.482666666666667,0.501333333333333,0.512,0.469333333333333,0.484,0.470666666666667,0.502666666666667,0.489333333333333,0.505333333333333,0.517333333333333,0.5,0.521333333333333,0.496,0.505333333333333,0.489333333333333,0.514666666666667,0.501333333333333,0.492,0.469333333333333,0.512,0.486666666666667,0.509333333333333,0.496,0.493333333333333,0.501333333333333,0.494666666666667,0.489333333333333,0.497333333333333,0.510666666666667,0.538666666666667,0.5,0.5,0.485333333333333,0.492,0.474666666666667,0.461333333333333,1,0.482666666666667,0.46,0.488,0.474666666666667,0.502666666666667,0.468,0.48,0.470666666666667,0.509333333333333,0.442666666666667,0.476,0.496,0.510666666666667
"tul45",-0.0518728627977891,-0.0556518503336153,-0.0330744544809956,-0.0399734736063174,0.0418190633436744,-0.00984926020119777,0.0109949588054934,-0.0184392896191696,-0.0763280231042119,0.0503406976442847,-0.0170327101148674,-0.0257368254114172,-0.0107429815725703,-0.00543675266587791,0.00455081162055087,-0.0226418718738462,-0.0609195461190832,-0.171677039634014,-0.136802877896317,0.0444689066352696,-0.109723510214315,-0.06393287459955,-0.00774649477886814,-0.0413028952926435,-0.0206358080537106,-0.0133380875144621,-0.0101528943518814,0.00311556100107012,0.00268379120424551,0.108721769006432,0.0685062571185508,0.0608399058092793,0.0720207374871189,-0.147300595083009,0.113408125451561,0.0501156964094193,0.0133857692677108,0.127675844467149,0.076737314196026,1,0.107661047639522,0.0470570310505825,0.0827621638683982,0.0915010939420249,-0.181860877433977,0.126379503502617,-0.00350549613258481,-0.0520199127310612,-0.157059213657322,-0.0608633160156448,-0.0838168828107515,-0.0118571321051719,0.464,0.476,0.481333333333333,0.486666666666667,0.528,0.493333333333333,0.509333333333333,0.486666666666667,0.457333333333333,0.526666666666667,0.496,0.489333333333333,0.496,0.5,0.497333333333333,0.482666666666667,0.469333333333333,0.408,0.434666666666667,0.524,0.44,0.46,0.497333333333333,0.477333333333333,0.489333333333333,0.490666666666667,0.489333333333333,0.502666666666667,0.508,0.564,0.534666666666667,0.529333333333333,0.541333333333333,0.422666666666667,0.553333333333333,0.52,0.512,0.574666666666667,0.537333333333333,1,0.56,0.526666666666667,0.536,0.541333333333333,0.398666666666667,0.558666666666667,0.498666666666667,0.472,0.42,0.466666666666667,0.457333333333333,0.502666666666667,0.0297099485190887,0.0678725219092969,0.0107809487369355,0.013901440922995,-0.0143489386070862,-0.0320627413262399,-0.00850835938639253,-0.0600385588472994,-0.018866294861089,-0.0291461482888696,0.0608596110162527,0.0065003577608996,0.000475303080422796,-0.00984056826690843,-0.058352424200052,0.0441610715713393,0.023874170255193,-0.00126834048983216,0.00485217454154634,0.00815231186824724,0.00140998555872529,-0.000263548599526541,0.0461956164065998,0.0231163174998522,0.0233150549798183,0.0546662814129419,0.0051963994583579,0.0142727889335115,0.0118925912598826,-0.0132660475019559,-0.0456184607078667,0.0194228069673423,0.00628173838393049,-0.0152054479776698,0.00533358779855364,-0.0559961842896681,0.0102551493028938,-0.0309155527819011,-0.0489648780689661,1,0.0428434721680862,-0.0087259684740155,-0.0139091110348233,-0.0547324896241969,-0.0176734808035955,-0.02545803681886,-0.0239603684085361,0.00351650031740257,-0.0438856288375304,0.0265034803927954,0.0325919842911754,0.0749898544083015,0.528,0.537333333333333,0.510666666666667,0.510666666666667,0.489333333333333,0.476,0.498666666666667,0.464,0.490666666666667,0.489333333333333,0.54,0.493333333333333,0.5,0.494666666666667,0.470666666666667,0.526666666666667,0.516,0.504,0.5,0.498666666666667,0.498666666666667,0.512,0.525333333333333,0.517333333333333,0.509333333333333,0.518666666666667,0.504,0.518666666666667,0.505333333333333,0.496,0.477333333333333,0.517333333333333,0.5,0.493333333333333,0.502666666666667,0.472,0.501333333333333,0.484,0.482666666666667,1,0.528,0.489333333333333,0.493333333333333,0.473333333333333,0.488,0.486666666666667,0.482666666666667,0.5,0.473333333333333,0.516,0.521333333333333,0.538666666666667
"tul46",-0.00104031996576806,-0.0262539568335745,-0.011196099503362,0.0402101195004309,0.00225694611804447,-0.0128784038898874,-0.0190841848874104,0.0435158038823417,-0.0591593602223172,0.074331932719556,-0.0200944388002709,-0.0463969171255012,0.0423923698373595,0.00472269207028526,-0.0453198378559048,0.0768457089713136,-0.0277191528151483,-0.0903602951216494,-0.085985267443889,0.013138080598961,-0.051377662943349,-0.0706469887988408,-0.00950458723863972,-0.0682560403717225,-0.0541400745319972,-0.0157217153381332,-0.0162590084265235,0.0263781585536265,0.00122288140601848,0.0456076991600742,0.0629198654953079,0.0730170949284697,0.0511375086345097,-0.158157951783809,0.0714349556673608,0.0337201859192808,0.0915466598239236,0.131925375675143,0.0610131934363623,0.107661047639522,1,0.102188825046021,0.0604229034661294,0.081807046635233,-0.12866655285736,0.0884243904775375,-0.0140537494769863,0.0314270595405308,-0.113470152095468,-0.0467049572102894,-0.0699796552588837,-0.0318207255397923,0.504,0.490666666666667,0.494666666666667,0.522666666666667,0.498666666666667,0.496,0.472,0.529333333333333,0.466666666666667,0.541333333333333,0.493333333333333,0.468,0.518666666666667,0.501333333333333,0.481333333333333,0.536,0.488,0.456,0.454666666666667,0.514666666666667,0.464,0.468,0.493333333333333,0.462666666666667,0.462666666666667,0.498666666666667,0.489333333333333,0.516,0.509333333333333,0.528,0.528,0.541333333333333,0.522666666666667,0.405333333333333,0.542666666666667,0.52,0.549333333333333,0.569333333333333,0.526666666666667,0.56,1,0.558666666666667,0.537333333333333,0.538666666666667,0.434666666666667,0.548,0.5,0.506666666666667,0.441333333333333,0.478666666666667,0.462666666666667,0.492,0.00795290302780185,0.0141660505739338,-0.0186327614668326,-0.011345051014565,0.0439549379935426,-0.0748075712672442,0.00513661062150515,-0.0161561754788857,-0.0314964624267709,-0.0555711881366469,-0.0672861261283685,-0.0229746622210018,-0.0285973253566914,-0.0523207363021992,0.000281801576244995,-0.0311493244133689,-0.0241046854238974,0.0139665721904452,0.0186832940098055,-0.023909016814863,0.0252493304174783,-0.0291474524205648,-0.0149617260226742,0.0108928787137327,0.0141765819071554,-0.0263684543085019,-0.0444675209933005,-0.0262671910754748,0.0521446095882532,-0.0184496194350177,-0.0129440575327952,-0.0268741287399211,-0.0120511898933225,0.010260486251261,0.0943151645555779,0.0572979257027568,-0.020328624524573,0.0325680524768001,-0.0550140373947718,0.0428434721680862,1,-0.0452864481158258,-0.0117965774211004,0.0014598049324479,-0.0307402175798324,-0.00536651602550044,0.00357347027520507,0.0432546729783765,0.0192408058024652,0.0179453268693215,-0.0128590838719992,-0.0152118152299477,0.490666666666667,0.506666666666667,0.492,0.494666666666667,0.529333333333333,0.461333333333333,0.509333333333333,0.494666666666667,0.490666666666667,0.470666666666667,0.464,0.488,0.485333333333333,0.478666666666667,0.496,0.486666666666667,0.485333333333333,0.506666666666667,0.505333333333333,0.485333333333333,0.524,0.478666666666667,0.489333333333333,0.502666666666667,0.504,0.484,0.469333333333333,0.489333333333333,0.522666666666667,0.489333333333333,0.504,0.477333333333333,0.496,0.506666666666667,0.552,0.534666666666667,0.496,0.52,0.46,0.528,1,0.48,0.496,0.510666666666667,0.482666666666667,0.508,0.508,0.525333333333333,0.517333333333333,0.509333333333333,0.505333333333333,0.485333333333333
"tul47",-0.0525795146956825,-0.0563969260493646,-0.00209214328369876,-0.00161941116738077,0.0269321706365125,-0.0120980473843147,-0.0521176186627722,-0.0777162020654995,-0.0188102553269983,-0.0454319395092007,-0.0111266532308659,-0.0292906518086664,0.0110167396454962,0.0150537780875489,0.00504457813571545,-0.0570027534202265,-0.0290659153740121,-0.0612046011914071,-0.061521757958606,0.00337366533451958,-0.042067479530198,-0.00756947278603471,0.0355843792800775,0.0199610930061872,0.0375790135369959,-0.0523526586842768,0.0139599976898472,0.00559995199003702,-0.0389982183288975,-0.00995220588401363,0.0644164267870825,0.0325626285026082,0.05563487226788,-0.0274094810151117,0.0340732414055533,0.0303306899235496,0.00422884533252417,0.0343355728126609,0.073502008532049,0.0470570310505825,0.102188825046021,1,0.0500351903000019,0.0762822808711164,-0.0892243022660661,0.0232054785824182,-0.0188771330872776,0.027524422500787,-0.0698273414771711,-0.019058011400138,-0.0487890851765139,-0.0331155048231313,0.469333333333333,0.466666666666667,0.494666666666667,0.497333333333333,0.510666666666667,0.492,0.466666666666667,0.454666666666667,0.484,0.474666666666667,0.497333333333333,0.496,0.508,0.506666666666667,0.501333333333333,0.465333333333333,0.484,0.472,0.464,0.5,0.476,0.482666666666667,0.52,0.508,0.509333333333333,0.473333333333333,0.509333333333333,0.510666666666667,0.476,0.494666666666667,0.542666666666667,0.517333333333333,0.524,0.476,0.517333333333333,0.522666666666667,0.508,0.522666666666667,0.546666666666667,0.526666666666667,0.558666666666667,1,0.532,0.557333333333333,0.442666666666667,0.510666666666667,0.492,0.513333333333333,0.461333333333333,0.485333333333333,0.473333333333333,0.48,-0.0643847937963896,0.0196616304925638,-0.0011999131911467,-0.0148688434141793,0.0439543761132407,-0.0676209731770752,-0.0706711822897757,-0.020072931342225,0.0220256917855971,-0.0032334387476722,-0.0696149591530474,-0.0106743614796481,-0.0652240428382045,-0.0108003851935867,0.0853934419074318,-0.0666903515024397,-0.0620874230127214,0.037936176545009,-0.00114154932635065,-0.0195294948877331,0.0111087974956491,0.0144047656567503,0.0202940139850044,-0.0033162787671164,0.0100032942669917,0.0146213729217883,-0.00988515987069042,0.0193263342248093,-0.00405629892461705,-0.0124677471059314,-0.0111845839842136,-0.0482616209807399,0.036675439649331,-0.0209380516293297,-0.0252735594940856,-0.0150798445828618,0.067509188698095,-0.0128161587763668,-0.0428496037305792,-0.0087259684740155,-0.0452864481158258,1,0.113597453558471,0.0968470023345894,-0.0437539921939519,0.160601293983578,-0.0049362288249821,0.0192891396959658,0.0525309107119905,-0.0146200204870872,3.01856945670036e-05,0.0595451573994198,0.473333333333333,0.508,0.493333333333333,0.498666666666667,0.528,0.454666666666667,0.461333333333333,0.492,0.510666666666667,0.504,0.46,0.498666666666667,0.468,0.492,0.553333333333333,0.464,0.470666666666667,0.526666666666667,0.494666666666667,0.490666666666667,0.512,0.510666666666667,0.510666666666667,0.494666666666667,0.505333333333333,0.504,0.481333333333333,0.512,0.496,0.494666666666667,0.494666666666667,0.468,0.525333333333333,0.481333333333333,0.485333333333333,0.494666666666667,0.54,0.486666666666667,0.488,0.489333333333333,0.48,1,0.565333333333333,0.56,0.474666666666667,0.590666666666667,0.504,0.510666666666667,0.525333333333333,0.496,0.509333333333333,0.542666666666667
"tul48",-0.0714792400943272,0.00137756265310537,0.0221288908380486,0.00572710923545922,0.00450536717500108,-0.0798015335432653,-0.0382740363710225,-0.0476968758011404,-0.0346795452415089,0.0745506576754207,-0.0153679422651463,0.0119860142883643,0.00858945334407312,0.0598102023115363,-0.0202436316814602,0.00416435719304916,-0.0488453938483127,-0.116205967011203,-0.0907716053947023,0.0285697377954201,-0.0661416457787265,-0.0665241207172815,0.000702510928977628,-0.0552233799901711,-0.112204701014927,0.00479860018881948,-0.0174616900442787,-0.0330329956983035,0.00166471936319005,0.0741684419632417,0.0630469155907183,-0.00363425226676282,0.089181260959837,-0.0722160555444502,0.0753358772212535,0.0203709127807057,0.00724483782308902,0.0719011001569557,0.0661362012172354,0.0827621638683982,0.0604229034661294,0.0500351903000019,1,0.0824212656853379,-0.129667306575166,0.0671793055475741,0.0244434250527518,-0.0220065676984905,-0.16041675372872,-0.0245444948771147,-0.0691222132423223,-0.0401287164362139,0.456,0.509333333333333,0.510666666666667,0.502666666666667,0.501333333333333,0.453333333333333,0.476,0.478666666666667,0.474666666666667,0.532,0.493333333333333,0.496,0.5,0.532,0.488,0.501333333333333,0.477333333333333,0.444,0.457333333333333,0.524,0.462666666666667,0.46,0.501333333333333,0.478666666666667,0.453333333333333,0.504,0.493333333333333,0.486666666666667,0.506666666666667,0.54,0.541333333333333,0.5,0.556,0.462666666666667,0.542666666666667,0.513333333333333,0.504,0.536,0.533333333333333,0.536,0.537333333333333,0.532,1,0.548,0.437333333333333,0.526666666666667,0.508,0.484,0.410666666666667,0.490666666666667,0.465333333333333,0.484,0.0343360031762982,0.00347840741216585,-0.00130698901041176,0.0369085485436149,0.0149551566718847,-0.0460492653152849,0.0104063702673669,-0.0218349258840287,0.0215238426533621,0.00323904522894798,-0.0273655254037791,-0.00371601480044408,0.0205718333918997,-0.00236156205683308,-0.00696856249652305,0.0231078181282646,-0.0517431028821149,0.00235772032041742,-0.0014893733004803,-0.0617352177537055,-0.0100639255017739,0.03476467310754,-0.0638833972289113,-0.00488813983257476,0.0152402870941796,0.0260777866892817,-0.00886321095272307,0.0200808574078527,0.00701461964897369,0.0163610648366086,-0.00757835660015385,0.00363211872439965,0.0620367594918268,-0.0566981535726691,-0.0371578919146527,0.0375756366349085,0.0312688442565222,0.00680658800843894,-0.0347927625372684,-0.0139091110348233,-0.0117965774211004,0.113597453558471,1,0.0768865686981979,0.00804157914428682,0.104278163496942,0.020651288176775,0.0166748132866322,-0.0538699348708418,0.0150333738166906,-0.081730187077572,0.0312624479990847,0.522666666666667,0.497333333333333,0.496,0.521333333333333,0.501333333333333,0.474666666666667,0.505333333333333,0.486666666666667,0.512,0.497333333333333,0.496,0.498666666666667,0.508,0.497333333333333,0.497333333333333,0.506666666666667,0.472,0.494666666666667,0.493333333333333,0.466666666666667,0.496,0.518666666666667,0.454666666666667,0.493333333333333,0.501333333333333,0.512,0.486666666666667,0.52,0.490666666666667,0.505333333333333,0.504,0.510666666666667,0.54,0.461333333333333,0.476,0.526666666666667,0.52,0.5,0.474666666666667,0.493333333333333,0.496,0.565333333333333,1,0.530666666666667,0.505333333333333,0.550666666666667,0.510666666666667,0.516,0.470666666666667,0.509333333333333,0.457333333333333,0.524
"tul49",-0.00666176034285603,-0.0783003240900694,-0.0269975154573077,0.00256133024403414,-0.0385527032897708,-0.0609199474180005,-0.0309170634673193,-0.0448675645945639,-0.0914230545769634,0.0180406612397909,-0.0515961822894058,-0.0306608598183581,-0.0081234909499373,0.00265728958202169,0.0147686549172946,0.005552967316497,-0.081039652282676,-0.137334341596815,-0.0963463894595509,-0.00266577163567884,-0.0338211522210419,-0.0313732480160221,0.00428346867997156,-0.00122851376510697,-0.0297094957922906,-0.0555549355288836,-0.0158666776937499,-0.0624923316129435,-0.0105264515148628,0.0685748755677915,0.0456491963370677,0.0573859333900653,0.0801483670510984,-0.141404357743174,0.0815879366180252,0.0733425726365824,-0.0198376419968574,0.103637561197937,0.0721946107653253,0.0915010939420249,0.081807046635233,0.0762822808711164,0.0824212656853379,1,-0.119686901315203,0.0214664386960857,0.0305604205685652,0.0922802577821384,-0.157766342391815,-0.00444129702910936,-0.0237589954820445,-0.0645745907404215,0.492,0.454666666666667,0.478666666666667,0.501333333333333,0.489333333333333,0.465333333333333,0.48,0.478666666666667,0.453333333333333,0.509333333333333,0.474666666666667,0.482666666666667,0.484,0.5,0.513333333333333,0.502666666666667,0.457333333333333,0.425333333333333,0.445333333333333,0.502666666666667,0.473333333333333,0.48,0.505333333333333,0.508,0.482666666666667,0.462666666666667,0.505333333333333,0.46,0.488,0.544,0.524,0.522666666666667,0.548,0.417333333333333,0.548,0.537333333333333,0.484,0.554666666666667,0.533333333333333,0.541333333333333,0.538666666666667,0.557333333333333,0.548,1,0.433333333333333,0.509333333333333,0.52,0.553333333333333,0.416,0.497333333333333,0.482666666666667,0.462666666666667,-0.032274944116193,0.00599173923001506,-0.0183406903808044,-0.0182897960959501,-0.015498314036867,-0.0130625345390507,0.0218829917587271,-0.0283803944771497,0.0113162099259898,0.0205411492547817,-0.0394783190184643,-0.0255632026914048,-0.0482568588587087,-0.0254141001824094,-0.0054660228483013,-0.000929857713578694,-0.0108545705040368,-0.0308180097491452,-0.0540663164726928,0.0101531163661443,-0.0349080174866428,-0.0224654283738968,0.00671949531640431,0.0489744170484796,-0.010479327269908,0.0400601187430742,0.00516638554308522,-0.0131334010078111,-0.0126607989295027,0.0617549581759758,0.00952431158645435,0.00331674565811061,0.0600247325403272,0.00795362496476683,0.0336783567548169,0.0579055785428164,0.0581887047896305,0.0205310695697228,-0.00548349888618149,-0.0547324896241969,0.0014598049324479,0.0968470023345894,0.0768865686981979,1,0.0517649171932159,0.119736288827296,-0.0416182899186726,-0.0201081649888366,0.0142703594115633,-0.0596986457779388,0.0439676362211712,-0.0607661246888128,0.478666666666667,0.506666666666667,0.492,0.482666666666667,0.485333333333333,0.496,0.501333333333333,0.474666666666667,0.514666666666667,0.510666666666667,0.485333333333333,0.489333333333333,0.476,0.484,0.497333333333333,0.5,0.485333333333333,0.472,0.46,0.513333333333333,0.478666666666667,0.485333333333333,0.502666666666667,0.526666666666667,0.490666666666667,0.52,0.506666666666667,0.496,0.490666666666667,0.529333333333333,0.493333333333333,0.504,0.525333333333333,0.505333333333333,0.518666666666667,0.521333333333333,0.536,0.516,0.502666666666667,0.473333333333333,0.510666666666667,0.56,0.530666666666667,1,0.521333333333333,0.557333333333333,0.477333333333333,0.488,0.513333333333333,0.464,0.524,0.470666666666667
"tul5",0.0569272786018699,-0.0430556173892519,-0.0659825662352477,-0.0167633661933638,-0.017209369536309,0.0504618378815953,0.00602246677991495,-0.0204910176097081,0.0763822766750396,-0.155506173688438,0.0415117964938268,-0.0309103406722242,0.0570571732409825,0.025010110096275,0.0498372598863399,0.0864397228920944,0.124971210207147,0.381019025515819,0.229097548603313,-0.0893110083835765,0.174604443185666,0.149734113628785,-0.027081713273145,0.0439345074512778,0.0461221129158945,0.0139227730229602,-0.0230944231273908,-0.0569314052282535,0.00658214279516421,-0.0927966234109336,-0.090673274066434,-0.096001814023672,-0.103720686925918,0.37411867082174,-0.170145958252215,-0.0723237367600667,-0.0197903929915223,-0.0995281947747415,-0.163932598790236,-0.181860877433977,-0.12866655285736,-0.0892243022660661,-0.129667306575166,-0.119686901315203,1,-0.113070110131113,0.0126995372012872,-0.0244408529094429,0.403293389772121,-0.0308925167174307,0.0206834516813447,-0.0536518243581475,0.522666666666667,0.478666666666667,0.472,0.488,0.485333333333333,0.526666666666667,0.506666666666667,0.488,0.545333333333333,0.42,0.524,0.482666666666667,0.533333333333333,0.516,0.530666666666667,0.542666666666667,0.566666666666667,0.705333333333333,0.622666666666667,0.454666666666667,0.6,0.574666666666667,0.486666666666667,0.524,0.521333333333333,0.508,0.481333333333333,0.474666666666667,0.501333333333333,0.449333333333333,0.444,0.453333333333333,0.449333333333333,0.684,0.402666666666667,0.46,0.488,0.446666666666667,0.42,0.398666666666667,0.434666666666667,0.442666666666667,0.437333333333333,0.433333333333333,1,0.445333333333333,0.502666666666667,0.489333333333333,0.710666666666667,0.48,0.514666666666667,0.462666666666667,-0.0223121347404994,-0.0120818443598376,-0.0183343629439311,-0.00965799835045418,-0.00140635053704489,0.00772020427898136,-0.00060773777509256,-0.0138720927420045,0.0132308829226991,0.0173881894032406,0.00400110741099591,-0.0278483230088965,0.00477470652963396,-0.00579879459056139,0.0131489194176825,-0.0101475452338419,0.0275855803623221,0.0109081143427878,-0.0742809120285693,-0.0327912952540864,0.0357766324603854,-0.00206429093227566,0.0275285817601892,0.00602368233370514,-0.0269507101971292,0.00453932839948736,-0.0129778582065403,-0.0480612780842552,-0.00898874176079121,-0.027002730850574,-0.00856558907971537,0.00648710810319358,0.0392330970030346,0.0662485162899519,-0.0281029223933786,0.00220239863564352,-0.00397868987487289,-0.0215995995818744,-0.0564988537353514,-0.0176734808035955,-0.0307402175798324,-0.0437539921939519,0.00804157914428682,0.0517649171932158,1,0.0426549707657574,-0.00471842315852865,0.0403000765789804,0.101997877206129,0.00719627644991077,-0.03818778518484,0.0159201488282873,0.488,0.492,0.488,0.497333333333333,0.5,0.5,0.493333333333333,0.5,0.509333333333333,0.509333333333333,0.502666666666667,0.474666666666667,0.508,0.494666666666667,0.505333333333333,0.493333333333333,0.516,0.514666666666667,0.457333333333333,0.478666666666667,0.521333333333333,0.5,0.513333333333333,0.502666666666667,0.489333333333333,0.508,0.5,0.476,0.496,0.498666666666667,0.494666666666667,0.504,0.517333333333333,0.533333333333333,0.482666666666667,0.496,0.498666666666667,0.48,0.468,0.488,0.482666666666667,0.474666666666667,0.505333333333333,0.521333333333333,1,0.512,0.501333333333333,0.534666666666667,0.553333333333333,0.498666666666667,0.484,0.514666666666667
"tul50",-0.00528403358860419,0.0143646097937541,0.00184406105974752,0.0500111656925021,0.0295192609342858,-0.0294707501612443,-0.0183032851568584,-0.0115923227444399,-0.0929574104300465,0.0354758507825417,0.000879183175052806,-0.0119198082404408,-0.0464545199705528,-0.0386682539844086,-0.0410487735625855,-0.000683314917610429,-0.0510249403515724,-0.119114161184064,-0.0595506709476813,-0.00206506366460631,-0.0554510255135012,-0.118752384199145,0.0503676496753864,-0.0653902071270156,-0.0455364242863522,0.00560858716469503,0.0443081430390651,-0.00759450847956274,0.024268123016367,0.019392507578189,0.0796261425262313,0.0229074223500379,0.0640904439473383,-0.106605523473918,0.0853278781971117,0.0378652070022118,-0.00758146674783595,0.044914355975588,0.144552403365119,0.126379503502617,0.0884243904775375,0.0232054785824182,0.0671793055475741,0.0214664386960857,-0.113070110131113,1,-0.0106557379489265,-0.0249486701838971,-0.10699012380969,0.00622199623243276,-0.0505814916415989,0.0101120211177884,0.494666666666667,0.510666666666667,0.5,0.521333333333333,0.512,0.481333333333333,0.492,0.494666666666667,0.452,0.510666666666667,0.496,0.489333333333333,0.469333333333333,0.474666666666667,0.48,0.504,0.464,0.442666666666667,0.472,0.5,0.468,0.438666666666667,0.530666666666667,0.464,0.470666666666667,0.509333333333333,0.537333333333333,0.5,0.52,0.510666666666667,0.549333333333333,0.512,0.542666666666667,0.448,0.538666666666667,0.514666666666667,0.496,0.532,0.578666666666667,0.558666666666667,0.548,0.510666666666667,0.526666666666667,0.509333333333333,0.445333333333333,1,0.492,0.490666666666667,0.441333333333333,0.502666666666667,0.472,0.504,0.0163495533948308,-0.0240293065156491,-0.0291958820144801,-0.00293059903600881,0.0566070510561557,-0.0262075834181949,-0.0227018254301031,-0.0203535852993507,0.0171811102303342,0.0106000148270072,-0.0209869890967232,-0.011225153806214,-0.0204919923297754,0.0289854377539355,-0.0229030940491996,-0.0257827503844289,-0.0530627000210485,-0.0250433638457294,-0.046467149531146,-0.0257326704633988,0.0101986372490999,0.00793682358206709,0.00311077437312104,-0.0306238001381272,0.029401610504114,-0.056249659124494,-0.023285961326776,0.0441002915309951,-0.0200338902137058,0.0154137382212921,-0.041708527402459,-0.0254828178071234,-0.0116044794595773,0.0100527830114373,0.000893626573316627,0.0259054354664565,0.0387351745609745,-0.0335617547650379,-0.0418738902418808,-0.02545803681886,-0.00536651602550044,0.160601293983578,0.104278163496942,0.119736288827296,0.0426549707657574,1,-0.00411246092032245,-0.00289431592043925,0.0674020090912304,-0.0150555122594501,0.054924580687849,6.64335200180827e-05,0.510666666666667,0.48,0.48,0.5,0.529333333333333,0.489333333333333,0.478666666666667,0.496,0.512,0.509333333333333,0.494666666666667,0.494666666666667,0.478666666666667,0.509333333333333,0.493333333333333,0.486666666666667,0.465333333333333,0.481333333333333,0.478666666666667,0.490666666666667,0.508,0.496,0.497333333333333,0.486666666666667,0.52,0.465333333333333,0.486666666666667,0.526666666666667,0.489333333333333,0.509333333333333,0.484,0.486666666666667,0.490666666666667,0.489333333333333,0.497333333333333,0.512,0.52,0.477333333333333,0.48,0.486666666666667,0.508,0.590666666666667,0.550666666666667,0.557333333333333,0.512,1,0.508,0.516,0.538666666666667,0.486666666666667,0.534666666666667,0.5
"tul51",-0.0851979643752449,0.0137421930598793,-0.0188186484403447,-0.0117407597862004,-0.0417351424248469,0.0272516331336412,-0.0164196418047743,0.0120757573190147,0.0190152149673187,-0.021548981455474,0.0412859478171853,-0.074715579551382,-0.0174445232842822,-0.0608329557296658,0.00727468032346354,-0.0190888570229703,-0.00907683124828206,0.00372749494692841,0.0133477927317324,0.0119015289047279,-0.0160876394285611,-0.0445410635760768,0.0229684068679687,0.0127652577703454,0.0132024109723446,-0.0459092099292546,-0.00299347223106327,-0.0159876023756505,0.039061914705883,0.0460378924209534,0.006160125366101,0.0673900092014674,0.00993280101897486,0.00115332406928379,-0.0192592412883125,0.0106207375746233,0.00196887325165118,-0.0377095024129039,-0.00214900095462039,-0.0035054961325848,-0.0140537494769863,-0.0188771330872776,0.0244434250527518,0.0305604205685652,0.0126995372012872,-0.0106557379489265,1,-0.0122078798398115,-0.0240560113622736,-0.0380806560056343,0.0138374250071212,-0.0360630156160531,0.445333333333333,0.504,0.496,0.496,0.482666666666667,0.517333333333333,0.489333333333333,0.506666666666667,0.512,0.489333333333333,0.521333333333333,0.456,0.490666666666667,0.465333333333333,0.501333333333333,0.494666666666667,0.486666666666667,0.504,0.512,0.506666666666667,0.493333333333333,0.473333333333333,0.505333333333333,0.509333333333333,0.509333333333333,0.476,0.506666666666667,0.494666666666667,0.518666666666667,0.52,0.501333333333333,0.544,0.513333333333333,0.506666666666667,0.488,0.497333333333333,0.492,0.48,0.497333333333333,0.498666666666667,0.5,0.492,0.508,0.52,0.502666666666667,0.492,1,0.492,0.5,0.473333333333333,0.504,0.481333333333333,-0.0527535719705594,0.0104647666712876,-0.0404751105435544,0.0321615052661112,-0.0175678756193029,-0.00927345432465766,0.00328277358449329,-0.00240444852635492,-0.0309002969115293,-0.0184714303578521,-0.00936297547059984,-0.0527358852910498,-0.00982888100377037,0.0188413209834268,-0.00542277205212912,0.0513857121906538,0.072949595272911,0.0844899714011454,0.0056993874199337,-0.0289475315904381,0.0492948687133471,0.00311901778424367,-0.0103463300540178,0.000855188493418005,-0.0224417932953823,0.0130497244671187,0.00465860548976925,-0.0148074957574534,-0.0442411823689534,-0.0181403631058025,0.0139465379689865,-0.00952508907160517,0.0324127117456303,-0.0278672468136636,-0.0100968699839406,0.0745382446330744,-0.0132959603488475,0.0167914600626925,-0.045485402283019,-0.0239603684085361,0.00357347027520507,-0.0049362288249821,0.020651288176775,-0.0416182899186726,-0.00471842315852864,-0.00411246092032245,1,0.0390128685646338,0.0201174804423915,0.0211604745961745,-0.0360756067616566,0.0167470261344519,0.469333333333333,0.502666666666667,0.478666666666667,0.521333333333333,0.497333333333333,0.5,0.506666666666667,0.496,0.485333333333333,0.492,0.497333333333333,0.464,0.504,0.514666666666667,0.493333333333333,0.532,0.541333333333333,0.541333333333333,0.496,0.496,0.525333333333333,0.5,0.494666666666667,0.508,0.493333333333333,0.508,0.496,0.492,0.48,0.486666666666667,0.504,0.494666666666667,0.52,0.477333333333333,0.494666666666667,0.537333333333333,0.493333333333333,0.510666666666667,0.470666666666667,0.482666666666667,0.508,0.504,0.510666666666667,0.477333333333333,0.501333333333333,0.508,1,0.522666666666667,0.512,0.514666666666667,0.489333333333333,0.501333333333333
"tul52",0.0191452802554825,-0.0093838103805583,0.0660173494110592,0.0366406154866823,-0.0308702732559036,-0.00640775949506179,-0.0210754200729364,-0.0819393115940735,-0.044209690421927,0.0877333051042882,-0.0416742725811898,0.0226106406253545,-0.0295833989944372,-0.0252584462556341,0.0314532629212002,-0.0280254981051156,-0.043391903417565,-0.0312073746538434,-0.0328123813033342,-0.0244247300482086,0.0150174815795101,0.0145585971629847,0.00601950555216071,0.0371025893401261,-0.00124885177857602,0.027728938220151,0.0205087260492376,-0.0336930689700785,-0.0698280401383475,-0.00283138361719002,-0.0414771866026147,0.0535069305094658,0.0336958758704828,0.030389990011728,0.0071492758635407,-0.00504227934161408,-0.0118555918559315,0.0068235110679172,0.0672694368412602,-0.0520199127310612,0.0314270595405308,0.027524422500787,-0.0220065676984905,0.0922802577821384,-0.0244408529094429,-0.0249486701838971,-0.0122078798398115,1,-0.050563313473997,-0.00118164513155738,-0.00159523237626613,-0.027663370373849,0.514666666666667,0.486666666666667,0.538666666666667,0.518666666666667,0.48,0.502666666666667,0.486666666666667,0.453333333333333,0.476,0.550666666666667,0.485333333333333,0.516,0.484,0.485333333333333,0.526666666666667,0.478666666666667,0.474666666666667,0.494666666666667,0.48,0.501333333333333,0.506666666666667,0.502666666666667,0.508,0.501333333333333,0.490666666666667,0.506666666666667,0.509333333333333,0.476,0.464,0.494666666666667,0.477333333333333,0.528,0.521333333333333,0.524,0.501333333333333,0.497333333333333,0.477333333333333,0.512,0.536,0.472,0.506666666666667,0.513333333333333,0.484,0.553333333333333,0.489333333333333,0.490666666666667,0.492,1,0.470666666666667,0.496,0.496,0.476,-0.00111529952126312,-0.011718091006653,0.0170405748834066,-0.0564545579535211,-0.0424749059603875,0.0149972640098954,-0.00735065231583364,0.0186198362001454,0.00995206337872734,-0.066136110885403,-0.0247815965735202,0.0227254365605744,0.0274960271273373,-0.0296980074000574,0.0223441971219563,-0.0166751350756246,0.00405998432133138,0.0204126632750294,-0.0304525760626365,0.00399328876637047,0.0192333758394465,0.0131745129857903,-0.0475447326928042,0.034879814449101,0.0230985762458401,0.0324582169571638,-0.0033842427825454,-0.00299589282930756,-0.00688853588727531,-0.0164183066544329,-0.00340642403468314,-0.0479085207823776,-0.04156539373662,0.00697404915108692,0.0371878447597567,0.0673506329504988,-0.0122408383412231,-0.0147015902359333,0.0135130522201843,0.00351650031740257,0.0432546729783765,0.0192891396959658,0.0166748132866322,-0.0201081649888366,0.0403000765789805,-0.00289431592043925,0.0390128685646338,1,-0.00496422251659596,-0.00245764464784096,-0.0392893288475385,-0.0387075616493948,0.492,0.5,0.506666666666667,0.472,0.477333333333333,0.509333333333333,0.5,0.509333333333333,0.512,0.466666666666667,0.494666666666667,0.506666666666667,0.508,0.486666666666667,0.52,0.488,0.496,0.517333333333333,0.474666666666667,0.502666666666667,0.514666666666667,0.501333333333333,0.465333333333333,0.524,0.52,0.521333333333333,0.5,0.496,0.494666666666667,0.493333333333333,0.505333333333333,0.474666666666667,0.476,0.504,0.522666666666667,0.538666666666667,0.492,0.484,0.509333333333333,0.5,0.525333333333333,0.510666666666667,0.516,0.488,0.534666666666667,0.516,0.522666666666667,1,0.497333333333333,0.508,0.48,0.481333333333333
"tul6",0.0742567730056892,0.0165744011105245,-0.021867602220951,0.0283909296343212,-0.0332153960238312,-0.00164846837156436,-0.00470827415746773,-0.0145760478715749,0.035302384708088,-0.110503018140417,0.0272907245531427,-0.0345496563426298,0.0374260762278204,-0.0279685858092798,-0.00994223330993861,0.0322451381819713,0.145415637887758,0.292490791598787,0.194392378213607,-0.0680348435196537,0.150438545392109,0.0850506330271842,-0.0658386679120663,0.0389379236867941,0.0285696543204733,0.0138270671434914,-0.0413024337192888,0.0250496864209346,0.0264229425371787,-0.0867413081275371,-0.0635621202646344,-0.0792950978179899,-0.0662488651698647,0.333074227995541,-0.0726646931136086,-0.109107850020902,-0.0240410611366058,-0.0867991900118154,-0.0746319043669603,-0.157059213657322,-0.113470152095468,-0.0698273414771711,-0.16041675372872,-0.157766342391815,0.403293389772121,-0.10699012380969,-0.0240560113622736,-0.050563313473997,1,-0.0264037351657149,0.0530325895225927,-0.0454062292436588,0.536,0.509333333333333,0.48,0.516,0.486666666666667,0.498666666666667,0.493333333333333,0.493333333333333,0.521333333333333,0.442666666666667,0.509333333333333,0.472,0.517333333333333,0.474666666666667,0.497333333333333,0.509333333333333,0.581333333333333,0.645333333333333,0.598666666666667,0.458666666666667,0.582666666666667,0.538666666666667,0.457333333333333,0.52,0.502666666666667,0.509333333333333,0.470666666666667,0.516,0.508,0.454666666666667,0.46,0.464,0.472,0.666666666666667,0.465333333333333,0.445333333333333,0.481333333333333,0.456,0.468,0.42,0.441333333333333,0.461333333333333,0.410666666666667,0.416,0.710666666666667,0.441333333333333,0.5,0.470666666666667,1,0.474666666666667,0.534666666666667,0.466666666666667,-0.0321646207301792,0.0310745168751399,0.0231181132770328,-0.0239753216337946,-0.053855009265134,-0.0184275695840476,-0.0115108638231676,0.00410326406654152,0.032423131332592,0.0618141206400723,-0.00622065678559469,0.00924736009768692,-0.0220986115835775,-0.00383275678355217,-0.0419202184504912,-0.0479312629695262,-0.0810521064025602,-0.00995799566915624,-0.0737202604173256,0.0369989567704439,0.0164314260095456,-0.0264972351057323,0.0213467248714137,-0.0546054315219409,0.0430758777734324,0.0512192638732602,0.0569278582717302,0.0611111416409961,-0.017976020377711,0.0272056776637773,0.00122702365463694,-0.022187191006516,0.00536988947357494,0.108178494293381,0.013225368834037,0.0417441077844774,0.0875351996249394,-0.0318647263987921,-0.106117141933801,-0.0438856288375304,0.0192408058024652,0.0525309107119905,-0.0538699348708418,0.0142703594115633,0.101997877206129,0.0674020090912304,0.0201174804423915,-0.00496422251659596,1,-0.0287121912440256,-0.00896915928670308,0.0224604839771998,0.482666666666667,0.522666666666667,0.517333333333333,0.494666666666667,0.472,0.488,0.5,0.504,0.52,0.522666666666667,0.508,0.508,0.484,0.501333333333333,0.477333333333333,0.466666666666667,0.446666666666667,0.496,0.462666666666667,0.526666666666667,0.510666666666667,0.484,0.516,0.46,0.530666666666667,0.533333333333333,0.538666666666667,0.536,0.482666666666667,0.517333333333333,0.5,0.494666666666667,0.505333333333333,0.557333333333333,0.506666666666667,0.526666666666667,0.554666666666667,0.473333333333333,0.442666666666667,0.473333333333333,0.517333333333333,0.525333333333333,0.470666666666667,0.513333333333333,0.553333333333333,0.538666666666667,0.512,0.497333333333333,1,0.48,0.502666666666667,0.514666666666667
"tul7",-0.0331927774057378,0.0458915581622334,0.0245788554312261,0.0273636121032801,0.0439361248684745,0.0140123608883222,-0.00763352343725269,-0.0189951978536319,0.0659915315909377,0.00305688230456952,-0.011367437866257,0.0639782987419594,-0.0413319035959716,0.0203568799127305,0.0243965545588025,0.0165803489985745,-0.0558769071447959,-0.00986155251870034,-0.0606130093400442,0.0254235236084135,0.0171100804601919,0.0268680122267325,0.053166898829635,-0.0270903998666451,-0.062865652489964,0.00730367996673974,0.0340963568279722,0.0420409066194557,0.0273532723385296,0.046379537334972,-0.0650500672482813,-0.0387441402873387,-0.00111168866938621,-0.050844815425944,-0.0496964477417895,-0.0144355818214472,-0.013343535582537,-0.0270415475577449,-0.0482050694548214,-0.0608633160156448,-0.0467049572102894,-0.019058011400138,-0.0245444948771147,-0.00444129702910937,-0.0308925167174307,0.00622199623243277,-0.0380806560056343,-0.00118164513155738,-0.0264037351657149,1,0.0277582924967247,0.0442618328075357,0.48,0.521333333333333,0.514666666666667,0.509333333333333,0.521333333333333,0.506666666666667,0.489333333333333,0.488,0.536,0.496,0.496,0.538666666666667,0.485333333333333,0.513333333333333,0.518666666666667,0.509333333333333,0.464,0.497333333333333,0.469333333333333,0.506666666666667,0.508,0.514666666666667,0.529333333333333,0.478666666666667,0.468,0.508,0.513333333333333,0.52,0.518666666666667,0.534666666666667,0.458666666666667,0.478666666666667,0.498666666666667,0.468,0.473333333333333,0.493333333333333,0.502666666666667,0.485333333333333,0.478666666666667,0.466666666666667,0.478666666666667,0.485333333333333,0.490666666666667,0.497333333333333,0.48,0.502666666666667,0.473333333333333,0.496,0.474666666666667,1,0.517333333333333,0.514666666666667,0.031272437664343,-0.00808641579180838,0.0241532585346959,-0.00862986369366482,0.00955056654848368,-0.0269759518185042,0.0170309829483236,-0.00473796878801319,0.0637119239631251,0.0138581674832009,0.0515269998735832,-0.0111993557153571,-0.0422429436448118,-0.0210025863955061,-0.037819138077497,-0.0553111950555352,-0.0227742579143605,0.00933680557545302,0.0261818569595398,0.0171629466378404,-0.0158859902219931,-0.0226171483526441,-0.00968023447397162,0.0442186918026381,0.0427882448870552,-0.00679211054528753,0.0112015449780613,-0.0692966587753781,0.0136704944942343,-0.0154623502345415,0.0543752533699584,0.00823993776165463,-0.0217719885524389,0.0290806491205152,-0.00806694532732422,-0.0120719877274431,0.0361951321276497,0.0219591906867318,-0.0428896389593529,0.0265034803927954,0.0179453268693215,-0.0146200204870872,0.0150333738166906,-0.0596986457779388,0.00719627644991077,-0.0150555122594501,0.0211604745961745,-0.00245764464784095,-0.0287121912440256,1,0.00414147214019947,-0.0396843816296763,0.513333333333333,0.496,0.506666666666667,0.496,0.5,0.489333333333333,0.512,0.502666666666667,0.534666666666667,0.498666666666667,0.528,0.496,0.470666666666667,0.493333333333333,0.474666666666667,0.468,0.492,0.508,0.513333333333333,0.512,0.485333333333333,0.478666666666667,0.494666666666667,0.524,0.516,0.505333333333333,0.505333333333333,0.46,0.505333333333333,0.493333333333333,0.529333333333333,0.506666666666667,0.489333333333333,0.510666666666667,0.490666666666667,0.477333333333333,0.521333333333333,0.514666666666667,0.476,0.516,0.509333333333333,0.496,0.509333333333333,0.464,0.498666666666667,0.486666666666667,0.514666666666667,0.508,0.48,1,0.496,0.472
"tul8",0.100103230139303,0.0901913807095586,0.12613961140881,0.109802260074252,0.0821475004075673,-0.0021495202302127,0.0307403809952569,-0.00530551852544219,0.0017348744284809,-0.0539504896010342,0.0119014284746638,-0.0102539936451207,-0.0627992080150159,0.040050915577087,0.000354911325126105,0.0110045466929592,-0.0430485769031106,0.0258180903155987,0.0480594665854767,-0.0440519498094838,0.00717076465531229,-0.00836367396565478,-0.00700211141900093,-0.0350450460566365,-0.021575892693735,0.00393999786712609,-0.0254152988449036,0.0202488444118777,0.0372192715366396,0.0318928508462476,-0.025234709613172,-0.0246819284632067,0.0256471727155133,0.00323519491059644,-0.0403090710611031,-0.0282357053103808,-0.0119392476588046,-0.00337368583333576,-0.073505888529016,-0.0838168828107515,-0.0699796552588837,-0.0487890851765139,-0.0691222132423223,-0.0237589954820445,0.0206834516813447,-0.0505814916415989,0.0138374250071212,-0.00159523237626613,0.0530325895225927,0.0277582924967247,1,0.101571651054499,0.541333333333333,0.549333333333333,0.568,0.558666666666667,0.544,0.493333333333333,0.512,0.496,0.506666666666667,0.470666666666667,0.502666666666667,0.488,0.466666666666667,0.514666666666667,0.504,0.504,0.470666666666667,0.518666666666667,0.521333333333333,0.484,0.513333333333333,0.493333333333333,0.497333333333333,0.477333333333333,0.496,0.497333333333333,0.485333333333333,0.501333333333333,0.513333333333333,0.513333333333333,0.48,0.48,0.505333333333333,0.498666666666667,0.481333333333333,0.488,0.488,0.496,0.461333333333333,0.457333333333333,0.462666666666667,0.473333333333333,0.465333333333333,0.482666666666667,0.514666666666667,0.472,0.504,0.496,0.534666666666667,0.517333333333333,1,0.558666666666667,0.00768209475039063,0.0571806994618485,0.0215593955170791,0.0947368809566658,0.0346834108444077,0.0100682389387314,-0.0455950830443181,-0.0160469614630059,0.00413489411088616,-0.0401271596403881,0.00470351313473553,-0.0161316919891589,-0.0716195707654141,0.00487226560214869,0.00389301578248596,-0.0177457617825981,0.0129163926893659,0.000614199092357393,0.0549554420075941,0.00867337649345106,0.0721150604897691,0.0208938653763058,0.0307843933746115,0.0181361299129875,0.0812566073421176,-0.0379920921683243,-0.0446033426371804,-0.0348697492399331,-0.0439930165498715,0.0448145687226359,-0.0108311272561916,0.00270762543927375,-0.0566365185677104,-0.00462313671607007,0.028899901654779,-0.0681888387329781,0.0469789350265254,-0.00244621955513117,0.00645005568889426,0.0325919842911754,-0.0128590838719992,3.01856945670037e-05,-0.081730187077572,0.0439676362211712,-0.03818778518484,0.054924580687849,-0.0360756067616566,-0.0392893288475385,-0.00896915928670308,0.00414147214019947,1,0.0855509076928611,0.508,0.522666666666667,0.505333333333333,0.550666666666667,0.514666666666667,0.505333333333333,0.477333333333333,0.478666666666667,0.5,0.476,0.502666666666667,0.496,0.454666666666667,0.498666666666667,0.5,0.490666666666667,0.514666666666667,0.498666666666667,0.522666666666667,0.504,0.534666666666667,0.513333333333333,0.510666666666667,0.505333333333333,0.548,0.473333333333333,0.482666666666667,0.474666666666667,0.476,0.522666666666667,0.493333333333333,0.496,0.474666666666667,0.494666666666667,0.514666666666667,0.465333333333333,0.528,0.496,0.496,0.521333333333333,0.505333333333333,0.509333333333333,0.457333333333333,0.524,0.484,0.534666666666667,0.489333333333333,0.48,0.502666666666667,0.496,1,0.541333333333333
"tul9",0.0304369286330046,0.0808409971202157,0.138169219353203,0.0763972968827085,0.106528690420276,-0.0584560361074119,-0.024775814216653,-0.054146513400901,0.0264244915628569,-0.137489247964063,-0.049324078969797,0.03665565407776,-0.0579438959560714,0.0142716764083709,-0.0424482302257359,-0.0717633336617328,-0.0967787970995761,0.03421599480394,-0.0404892125091978,0.012615747356002,-0.0125026815339721,-0.0542428368440685,-0.00359488622613377,0.00946994634107352,-0.0160304630346638,0.084102025305613,0.0166150941633754,0.119069775145049,0.0639374069684404,-0.0590178067683674,-0.0121619513583788,-0.00785537312168596,-0.007937882958643,-0.0254458305937053,-0.0308243986720723,0.0572488927008962,-0.00379885940909331,-0.0557179575390155,-0.00401413615677555,-0.0118571321051719,-0.0318207255397923,-0.0331155048231313,-0.0401287164362139,-0.0645745907404215,-0.0536518243581475,0.0101120211177884,-0.0360630156160531,-0.027663370373849,-0.0454062292436588,0.0442618328075357,0.101571651054499,1,0.518666666666667,0.537333333333333,0.576,0.528,0.557333333333333,0.46,0.476,0.468,0.516,0.428,0.476,0.52,0.476,0.505333333333333,0.464,0.456,0.444,0.52,0.472,0.513333333333333,0.48,0.468,0.502666666666667,0.501333333333333,0.496,0.541333333333333,0.506666666666667,0.565333333333333,0.536,0.469333333333333,0.497333333333333,0.497333333333333,0.494666666666667,0.488,0.484,0.54,0.494666666666667,0.468,0.498666666666667,0.502666666666667,0.492,0.48,0.484,0.462666666666667,0.462666666666667,0.504,0.481333333333333,0.476,0.466666666666667,0.514666666666667,0.558666666666667,1,-0.0333534928136955,0.0931925199598262,0.115061569407322,0.106165729367738,0.0571797281483045,-0.0574459418723735,-0.0576191400760323,-0.0493778444743452,-0.0354577106369918,-0.0623208617292417,0.0244710854468702,-0.0146214333130598,0.00837366227953479,-0.0350814645641298,-0.0929848304439999,-0.0070512217550904,0.0244203179470132,0.0531107839209744,-0.0361682923757096,-0.0414181242612327,-0.00285130860701403,0.0260706648234751,0.000409386258492236,0.0290589742904313,0.0310865127832713,-0.0486954449690614,-0.0100226114719865,0.0269735614952374,0.0374735287238515,-0.00863993364121979,-0.0127762908456687,-0.0418537412732772,-0.0129388239652601,-0.0172183053162886,-0.00570660211295183,-0.0550512424534389,-0.0179058755293173,0.0174231913970813,0.028978571846265,0.0749898544083015,-0.0152118152299477,0.0595451573994198,0.0312624479990847,-0.0607661246888128,0.0159201488282873,6.6433520018084e-05,0.0167470261344519,-0.0387075616493948,0.0224604839771998,-0.0396843816296763,0.0855509076928611,1,0.489333333333333,0.553333333333333,0.573333333333333,0.558666666666667,0.541333333333333,0.461333333333333,0.484,0.470666666666667,0.488,0.472,0.506666666666667,0.492,0.513333333333333,0.485333333333333,0.444,0.490666666666667,0.505333333333333,0.518666666666667,0.472,0.476,0.488,0.522666666666667,0.497333333333333,0.516,0.510666666666667,0.476,0.493333333333333,0.524,0.513333333333333,0.493333333333333,0.493333333333333,0.473333333333333,0.492,0.494666666666667,0.504,0.473333333333333,0.494666666666667,0.517333333333333,0.510666666666667,0.538666666666667,0.485333333333333,0.542666666666667,0.524,0.470666666666667,0.514666666666667,0.5,0.501333333333333,0.481333333333333,0.514666666666667,0.472,0.541333333333333,1
